Time 0.0
0.0 0.09516498427128818
0.27 0.09775685960494436
0.54 0.09884162412257111
0.8100000000000002 0.1011523380774737
1.08 0.1000608062244346

Time 1.0
0.09516498427128772 0.09516498427128818
0.3677568596049472 0.09775685960494436
0.6388416241225476 0.09884162412257111
0.9111523380775038 0.1011523380774737
1.180060806224489 0.1000608062244346

Time 2.0
0.190329968542572 0.09516498427128818
0.46551371920989437 0.09775685960494436
0.7376832482450952 0.09884162412257111
1.012304676154994 0.1011523380774737
1.280121612448978 0.1000608062244346

Time 3.0
0.2854949528138666 0.09516498427128818
0.5632705788148056 0.09775685960494436
0.8365248723676428 0.09884162412257111
1.1134570142323867 0.1011523380774737
0.030182418673450444 0.1000608062244346

Time 4.0
0.38065993708517865 0.09516498427128818
0.6610274384196972 0.09775685960494436
0.9353664964901904 0.09884162412257111
1.2146093523097794 0.1011523380774737
0.13024322489788392 0.1000608062244346

Time 5.0
0.4758249213564907 0.09516498427128818
0.7587842980245889 0.09775685960494436
1.034208120612738 0.09884162412257111
1.315761690387172 0.1011523380774737
0.2303040311223174 0.1000608062244346

Time 6.0
0.5709899056278027 0.09516498427128818
0.8565411576294806 0.09775685960494436
1.1330497447352856 0.09884162412257111
0.0669140284646188 0.1011523380774737
0.3303648373467509 0.1000608062244346

Time 7.0
0.6661548898991148 0.09516498427128818
0.9542980172343722 0.09775685960494436
1.2318913688578332 0.09884162412257111
0.16806636654209473 0.1011523380774737
0.43042564357118435 0.1000608062244346

Time 8.0
0.7613198741704268 0.09516498427128818
1.052054876839323 0.09775685960494436
1.3307329929803808 0.09884162412257111
0.2692187046195654 0.1011523380774737
0.5304864497956348 0.1000608062244346

Time 9.0
0.8564848584417388 0.09516498427128818
1.1498117364443257 0.09775685960494436
0.07957461710294733 0.09884162412257111
0.37037104269701354 0.1011523380774737
0.6305472560201237 0.1000608062244346

Time 10.0
0.9516498427130509 0.09516498427128818
1.2475685960493283 0.09775685960494436
0.1784162412255227 0.09884162412257111
0.4715233807744617 0.1011523380774737
0.7306080622446127 0.1000608062244346

Time 11.0
1.046814826984363 0.09516498427128818
1.345325455654331 0.09775685960494436
0.2772578653480904 0.09884162412257111
0.5726757188519498 0.1011523380774737
0.8306688684691017 0.1000608062244346

Time 12.0
1.141979811255675 0.09516498427128818
0.09308231525927975 0.09775685960494436
0.376099489470638 0.09884162412257111
0.6738280569294535 0.1011523380774737
0.9307296746935907 0.1000608062244346

Time 13.0
1.237144795526987 0.09516498427128818
0.1908391748642269 0.09775685960494436
0.4749411135931856 0.09884162412257111
0.7749803950069571 0.1011523380774737
1.0307904809180797 0.1000608062244346

Time 14.0
1.332309779798299 0.09516498427128818
0.2885960344691741 0.09775685960494436
0.5737827377157332 0.09884162412257111
0.8761327330844608 0.1011523380774737
1.1308512871425687 0.1000608062244346

Time 15.0
0.07747476406959179 0.09516498427128818
0.38635289407412127 0.09775685960494436
0.6726243618382808 0.09884162412257111
0.9772850711619645 0.1011523380774737
1.2309120933670576 0.1000608062244346

Time 16.0
0.1726397483408761 0.09516498427128818
0.48410975367906844 0.09775685960494436
0.7714659859608284 0.09884162412257111
1.078437409239382 0.1011523380774737
1.3309728995915466 0.1000608062244346

Time 17.0
0.2678047326121656 0.09516498427128818
0.5818666132839692 0.09775685960494436
0.870307610083376 0.09884162412257111
1.1795897473167747 0.1011523380774737
0.08103370581599084 0.1000608062244346

Time 18.0
0.3629697168834776 0.09516498427128818
0.6796234728888608 0.09775685960494436
0.9691492342059236 0.09884162412257111
1.2807420853941673 0.1011523380774737
0.18109451204042432 0.1000608062244346

Time 19.0
0.45813470115478966 0.09516498427128818
0.7773803324937525 0.09775685960494436
1.0679908583284712 0.09884162412257111
0.03189442347158528 0.1011523380774737
0.2811553182648578 0.1000608062244346

Time 20.0
0.5532996854261016 0.09516498427128818
0.8751371920986442 0.09775685960494436
1.1668324824510188 0.09884162412257111
0.1330467615490612 0.1011523380774737
0.38121612448929126 0.1000608062244346

Time 21.0
0.6484646696974137 0.09516498427128818
0.9728940517035358 0.09775685960494436
1.2656741065735664 0.09884162412257111
0.23419909962653712 0.1011523380774737
0.48127693071372474 0.1000608062244346

Time 22.0
0.7436296539687257 0.09516498427128818
1.0706509113085076 0.09775685960494436
0.014515730696117373 0.09884162412257111
0.3353514377039896 0.1011523380774737
0.5813377369382033 0.1000608062244346

Time 23.0
0.8387946382400377 0.09516498427128818
1.1684077709135103 0.09775685960494436
0.11335735481868994 0.09884162412257111
0.4365037757814378 0.1011523380774737
0.6813985431626923 0.1000608062244346

Time 24.0
0.9339596225113498 0.09516498427128818
1.266164630518513 0.09775685960494436
0.2121989789412653 0.09884162412257111
0.5376561138589067 0.1011523380774737
0.7814593493871813 0.1000608062244346

Time 25.0
1.0291246067826618 0.09516498427128818
0.013921490123507312 0.09775685960494436
0.31104060306382353 0.09884162412257111
0.6388084519364103 0.1011523380774737
0.8815201556116703 0.1000608062244346

Time 26.0
1.1242895910539739 0.09516498427128818
0.11167834972845388 0.09775685960494436
0.40988222718637113 0.09884162412257111
0.739960790013914 0.1011523380774737
0.9815809618361593 0.1000608062244346

Time 27.0
1.219454575325286 0.09516498427128818
0.20943520933340104 0.09775685960494436
0.5087238513089187 0.09884162412257111
0.8411131280914177 0.1011523380774737
1.0816417680606483 0.1000608062244346

Time 28.0
1.314619559596598 0.09516498427128818
0.3071920689383482 0.09775685960494436
0.6075654754314663 0.09884162412257111
0.9422654661689214 0.1011523380774737
1.1817025742851373 0.1000608062244346

Time 29.0
0.05978454386789568 0.09516498427128818
0.4049489285432954 0.09775685960494436
0.7064070995540139 0.09884162412257111
1.0434178042463773 0.1011523380774737
1.2817633805096262 0.1000608062244346

Time 30.0
0.15494952813918017 0.09516498427128818
0.5027057881482411 0.09775685960494436
0.8052487236765615 0.09884162412257111
1.14457014232377 0.1011523380774737
0.0318241867340977 0.1000608062244346

Time 31.0
0.2501145124104645 0.09516498427128818
0.6004626477531327 0.09775685960494436
0.9040903477991091 0.09884162412257111
1.2457224804011626 0.1011523380774737
0.13188499295853118 0.1000608062244346

Time 32.0
0.34527949668177654 0.09516498427128818
0.6982195073580244 0.09775685960494436
1.0029319719216567 0.09884162412257111
1.3468748184785553 0.1011523380774737
0.23194579918296465 0.1000608062244346

Time 33.0
0.4404444809530886 0.09516498427128818
0.7959763669629161 0.09775685960494436
1.1017735960442043 0.09884162412257111
0.09802715655602767 0.1011523380774737
0.3320066054073981 0.1000608062244346

Time 34.0
0.5356094652244006 0.09516498427128818
0.8937332265678077 0.09775685960494436
1.200615220166752 0.09884162412257111
0.1991794946335036 0.1011523380774737
0.4320674116318316 0.1000608062244346

Time 35.0
0.6307744494957126 0.09516498427128818
0.9914900861726994 0.09775685960494436
1.2994568442892995 0.09884162412257111
0.3003318327109657 0.1011523380774737
0.532128217856283 0.1000608062244346

Time 36.0
0.7259394337670246 0.09516498427128818
1.0892469457776923 0.09775685960494436
0.048298468411858225 0.09884162412257111
0.40148417078841386 0.1011523380774737
0.6321890240807719 0.1000608062244346

Time 37.0
0.8211044180383367 0.09516498427128818
1.187003805382695 0.09775685960494436
0.14714009253443258 0.09884162412257111
0.5026365088658635 0.1011523380774737
0.7322498303052609 0.1000608062244346

Time 38.0
0.9162694023096487 0.09516498427128818
1.2847606649876977 0.09775685960494436
0.24598171665700794 0.09884162412257111
0.6037888469433672 0.1011523380774737
0.8323106365297499 0.1000608062244346

Time 39.0
1.0114343865809607 0.09516498427128818
0.03251752459268083 0.09775685960494436
0.3448233407795567 0.09884162412257111
0.7049411850208709 0.1011523380774737
0.9323714427542389 0.1000608062244346

Time 40.0
1.1065993708522728 0.09516498427128818
0.130274384197628 0.09775685960494436
0.4436649649021043 0.09884162412257111
0.8060935230983746 0.1011523380774737
1.0324322489787279 0.1000608062244346

Time 41.0
1.2017643551235848 0.09516498427128818
0.22803124380257517 0.09775685960494436
0.5425065890246519 0.09884162412257111
0.9072458611758782 0.1011523380774737
1.1324930552032169 0.1000608062244346

Time 42.0
1.2969293393948969 0.09516498427128818
0.32578810340752234 0.09775685960494436
0.6413482131471995 0.09884162412257111
1.0083981992533726 0.1011523380774737
1.2325538614277058 0.1000608062244346

Time 43.0
0.042094323666198474 0.09516498427128818
0.4235449630124695 0.09775685960494436
0.7401898372697471 0.09884162412257111
1.1095505373307653 0.1011523380774737
1.3326146676521948 0.1000608062244346

Time 44.0
0.13725930793748425 0.09516498427128818
0.5213018226174047 0.09775685960494436
0.8390314613922947 0.09884162412257111
1.210702875408158 0.1011523380774737
0.0826754738766381 0.1000608062244346

Time 45.0
0.23242429220876853 0.09516498427128818
0.6190586822222963 0.09775685960494436
0.9378730855148423 0.09884162412257111
1.3118552134855506 0.1011523380774737
0.18273628010107157 0.1000608062244346

Time 46.0
0.32759343576230493 0.09542984057982781
0.716815541827188 0.09775685960494436
1.0367147096373899 0.09884162412257111
0.06300755156299406 0.1011523380774737
0.2827929270432743 0.09979594991589497

Time 47.0
0.4248176739086737 0.09760604753952204
0.8145724014320797 0.09775685960494436
1.1355563337599375 0.09884162412257111
0.16415988964046999 0.1011523380774737
0.3807944793926276 0.09761974295620074

Time 48.0
0.5224293932485906 0.09761287466390267
0.9123292610369713 0.09775685960494436
1.234397957882485 0.09884162412257111
0.2653122277179417 0.1011523380774737
0.4784085505484331 0.09761291583182011

Time 49.0
0.6200422849617137 0.09761289518599472
1.0100861206418745 0.09775685960494436
1.3332395820050327 0.09884162412257111
0.3664645657953899 0.1011523380774737
0.576021449331034 0.09761289530972805

Time 50.0
0.7176551801989525 0.09761289524767754
1.1078429802468772 0.09775685960494436
0.08208120612759987 0.09884162412257111
0.46761690387283805 0.1011523380774737
0.6736343445895179 0.09761289524804524

Time 51.0
0.8152680754468051 0.09761289524785192
1.20559983985188 0.09775685960494436
0.18092283025017522 0.09884162412257111
0.568769241950324 0.1011523380774737
0.7712472398374307 0.09761289524787085

Time 52.0
0.9128809706947056 0.09761289524785192
1.3033566994568826 0.09775685960494436
0.2797644543727422 0.09884162412257111
0.6699215800278276 0.1011523380774737
0.8688601350853312 0.09761289524787085

Time 53.0
1.0104938659426062 0.09761289524785192
0.05111355906185518 0.09775685960494436
0.3786060784952898 0.09884162412257111
0.7710739181053313 0.1011523380774737
0.9664730303332317 0.09761289524787085

Time 54.0
1.1081067611905067 0.09761289524785192
0.14887041866680234 0.09775685960494436
0.4774477026178374 0.09884162412257111
0.872226256182835 0.1011523380774737
1.0640859255811321 0.09761289524787085

Time 55.0
1.2057196564384072 0.09761289524785192
0.24662727827174952 0.09775685960494436
0.576289326740385 0.09884162412257111
0.9733785942603387 0.1011523380774737
1.1616988208290326 0.09761289524787085

Time 56.0
1.3033325516863077 0.09761289524785192
0.3443841378766967 0.09775685960494436
0.6751309508629326 0.09884162412257111
1.0745309323377605 0.1011523380774737
1.2593117160769332 0.09761289524787085

Time 57.0
0.050148327278672966 0.10181530083141396
0.44214099748164387 0.09775685960494436
0.7739725749854802 0.09884162412257111
1.1756832704151532 0.1011523380774737
0.007721730980325484 0.09341048966430882

Time 58.0
0.14855590567948218 0.09762704117326042
0.5398978570865683 0.09775685960494436
0.8728141991080278 0.09884162412257111
1.2768356084925458 0.1011523380774737
0.10453994307523941 0.09759874932246236

Time 59.0
0.2461712301058702 0.0976129377699937
0.63765471669146 0.09775685960494436
0.9716558232305754 0.09884162412257111
0.027987946569960655 0.1011523380774737
0.2021504091445739 0.09761285272572907

Time 60.0
0.343784132655753 0.09761289537568127
0.7354115762963517 0.09775685960494436
1.070497447353123 0.09884162412257111
0.12914028464743646 0.1011523380774737
0.2997632970904142 0.09761289512004151

Time 61.0
0.4413970279255644 0.0976128952482433
0.8331684359012433 0.09775685960494436
1.1693390714756706 0.09884162412257111
0.23029262272491238 0.1011523380774737
0.39737619231632515 0.09761289524747947

Time 62.0
0.539009923173507 0.09761289524784691
0.930925295506135 0.09775685960494436
1.2681806955982182 0.09884162412257111
0.33144496080236596 0.1011523380774737
0.49498908756413046 0.09761289524787586

Time 63.0
0.6366228184214076 0.09761289524784678
1.0286821551110592 0.09775685960494436
0.01702231972076984 0.09884162412257111
0.43259729887981413 0.1011523380774737
0.5926019828120309 0.097612895247876

Time 64.0
0.7342357136693081 0.09761289524784678
1.126439014716062 0.09775685960494436
0.1158639438433425 0.09884162412257111
0.5337496369572808 0.1011523380774737
0.6902148780599314 0.097612895247876

Time 65.0
0.8318486089172086 0.09761289524784678
1.2241958743210646 0.09775685960494436
0.21470556796591786 0.09884162412257111
0.6349019750347845 0.1011523380774737
0.7878277733078319 0.097612895247876

Time 66.0
0.9294615041651091 0.09761289524784678
1.3219527339260673 0.09775685960494436
0.31354719208847537 0.09884162412257111
0.7360543131122882 0.1011523380774737
0.8854406685557324 0.097612895247876

Time 67.0
1.0270743994130096 0.09761289524784678
0.06970959353102925 0.09775685960494436
0.41238881621102297 0.09884162412257111
0.8372066511897919 0.1011523380774737
0.983053563803633 0.097612895247876

Time 68.0
1.12468729466091 0.0976128952478465
0.1674664531359764 0.09775685960494436
0.5112304403335706 0.09884162412257111
0.9383589892672956 0.1011523380774737
1.0806664590515334 0.09761289524787628

Time 69.0
1.2223001899088106 0.0976128952478465
0.2652233127409236 0.09775685960494436
0.6100720644561182 0.09884162412257111
1.0395113273447558 0.1011523380774737
1.1782793542994339 0.09761289524787628

Time 70.0
1.3199130851567111 0.0976128952478465
0.36298017234587077 0.09775685960494436
0.7089136885786658 0.09884162412257111
1.1406636654221485 0.1011523380774737
1.2758922495473344 0.09761289524787628

Time 71.0
0.06722397987872365 0.09936553887952417
0.46073703195081794 0.09775685960494436
0.8077553127012134 0.09884162412257111
1.2418160034995411 0.1011523380774737
0.023807145321066276 0.09586025161619861

Time 72.0
0.16513796778154047 0.09761816619410728
0.5584938915557319 0.09775685960494436
0.906596936823761 0.09884162412257111
1.3429683415769338 0.1011523380774737
0.12111894791397251 0.0976076243016155

Time 73.0
0.26275176817127704 0.09761291109213156
0.6562507511606236 0.09775685960494436
1.0054385609463086 0.09884162412257111
0.09412067965440293 0.1011523380774737
0.21873093801995896 0.09761287940359122

Time 74.0
0.36036466613996193 0.09761289529548914
0.7540076107655153 0.09775685960494436
1.1042801850688562 0.09884162412257111
0.19527301773187886 0.1011523380774737
0.31634383054699744 0.09761289520023364

Time 75.0
0.45797756139600143 0.09761289524800325
0.8517644703704069 0.09775685960494436
1.2031218091914038 0.09884162412257111
0.29642535580934204 0.1011523380774737
0.4139567257866797 0.09761289524771953

Time 76.0
0.5555904566439095 0.09761289524784678
0.9495213299752986 0.09775685960494436
1.3019634333139514 0.09884162412257111
0.3975776938867902 0.1011523380774737
0.5115696210345329 0.097612895247876

Time 77.0
0.65320335189181 0.09761289524784678
1.0472781895802439 0.09775685960494436
0.050805057436510606 0.09884162412257111
0.4987300319642384 0.1011523380774737
0.6091825162824334 0.097612895247876

Time 78.0
0.7508162471397105 0.09761289524784678
1.1450350491852466 0.09775685960494436
0.14964668155908514 0.09884162412257111
0.5998823700417414 0.1011523380774737
0.7067954115303339 0.097612895247876

Time 79.0
0.848429142387611 0.09761289524784678
1.2427919087902493 0.09775685960494436
0.2484883056816605 0.09884162412257111
0.7010347081192451 0.1011523380774737
0.8044083067782344 0.097612895247876

Time 80.0
0.9460420376355115 0.09761289524784678
1.340548768395252 0.09775685960494436
0.3473299298042085 0.09884162412257111
0.8021870461967487 0.1011523380774737
0.9020212020261349 0.097612895247876

Time 81.0
1.043654932883412 0.09761289524784678
0.08830562800020338 0.09775685960494436
0.4461715539267561 0.09884162412257111
0.9033393842742524 0.1011523380774737
0.9996340972740354 0.097612895247876

Time 82.0
1.1412678281313124 0.09761289524784678
0.18606248760515054 0.09775685960494436
0.5450131780493037 0.09884162412257111
1.004491722351751 0.1011523380774737
1.097246992521936 0.097612895247876

Time 83.0
1.238880723379213 0.09761289524784678
0.2838193472100977 0.09775685960494436
0.6438548021718513 0.09884162412257111
1.1056440604291438 0.1011523380774737
1.1948598877698364 0.097612895247876

Time 84.0
1.3364936186271135 0.09761289524784678
0.3815762068150449 0.09775685960494436
0.7426964262943989 0.09884162412257111
1.2067963985065364 0.1011523380774737
1.292472783017737 0.097612895247876

Time 85.0
0.08399397631297735 0.09826626824464436
0.47933306641999207 0.09775685960494436
0.8415380504169465 0.09884162412257111
1.307948736583929 0.1011523380774737
0.040198215827604064 0.09695952225107841

Time 86.0
0.18171907083894426 0.09761485926743255
0.5770899260248955 0.09775685960494436
0.9403796745394941 0.09884162412257111
0.059101074661369414 0.1011523380774737
0.13769891179736057 0.09761093122829023

Time 87.0
0.27933230335383075 0.09761290115163011
0.6748467856297872 0.09775685960494436
1.0392212986620417 0.09884162412257111
0.16025341273884533 0.1011523380774737
0.23531146977819717 0.09761288934409267

Time 88.0
0.37694519961550355 0.09761289526560914
0.7726036452346788 0.09775685960494436
1.1380629227845893 0.09884162412257111
0.2614057508163181 0.1011523380774737
0.33292436401224695 0.09761289523011364

Time 89.0
0.4745580948664125 0.09761289524791399
0.8703605048395705 0.09775685960494436
1.236904546907137 0.09884162412257111
0.3625580888937663 0.1011523380774737
0.4305372592570599 0.09761289524780879

Time 90.0
0.5721709901143119 0.09761289524784678
0.9681173644444622 0.09775685960494436
1.3357461710296845 0.09884162412257111
0.46371042697121445 0.1011523380774737
0.5281501545049353 0.097612895247876

Time 91.0
0.6697838853622124 0.09761289524784678
1.0658742240494286 0.09775685960494436
0.0845877951522524 0.09884162412257111
0.5648627650486983 0.1011523380774737
0.6257630497528358 0.097612895247876

Time 92.0
0.767396780610113 0.09761289524784678
1.1636310836544312 0.09775685960494436
0.18342941927482775 0.09884162412257111
0.6660151031262019 0.1011523380774737
0.7233759450007363 0.097612895247876

Time 93.0
0.8650096758580135 0.09761289524784678
1.261387943259434 0.09775685960494436
0.28227104339739406 0.09884162412257111
0.7671674412037056 0.1011523380774737
0.8209888402486368 0.097612895247876

Time 94.0
0.962622571105914 0.09761289524784678
0.009144802864431109 0.09775685960494436
0.38111266751994166 0.09884162412257111
0.8683197792812093 0.1011523380774737
0.9186017354965373 0.097612895247876

Time 95.0
1.0602354663538145 0.0976128952478465
0.1069016624693775 0.09775685960494436
0.47995429164248926 0.09884162412257111
0.969472117358713 0.1011523380774737
1.0162146307444377 0.09761289524787628

Time 96.0
1.1580006937245653 0.09830926445425693
0.20465852207432467 0.09775685960494436
0.5787959157650369 0.09884162412257111
1.0700292511000824 0.09928792610023643
1.1142703982055455 0.09878093801870318

Time 97.0
1.2566234818204438 0.09875887050494266
0.30241538167927184 0.09775685960494436
0.6776375398875845 0.09884162412257111
1.1689930862869045 0.09882654921089727
1.2130619034960448 0.09879270885735653

Time 98.0
0.005289298262639464 0.09553429823148794
0.400172241284219 0.09775685960494436
0.7764791640101321 0.09884162412257111
1.2677997729222314 0.09893432614629219
1.3119675289917108 0.1019095041954163

Time 99.0
0.10359793573585249 0.09965446906105764
0.4979291008891662 0.09775685960494436
0.8753207881326797 0.09884162412257111
0.01739942467324124 0.0959026176649202
0.06043736834068404 0.10082104184721855

Time 100.0
0.20294030869489 0.09892257293793683
0.5956859604940591 0.09775685960494436
0.9741624122552273 0.09884162412257111
0.11543252858163425 0.0986627292604487
0.15944002004644844 0.098792826374811

Time 101.0
0.3017782878136642 0.09880169418085782
0.6934428200989508 0.09775685960494436
1.0730040363777749 0.09884162412257111
0.214179956557786 0.09878372486131508
0.25823274152471526 0.09879270953102352

Time 102.0
0.4005741283402401 0.09879333085266663
0.7911996797038424 0.09775685960494436
1.1718456605003225 0.09884162412257111
0.31296953507932823 0.09879208819612421
0.35702545104979 0.09879270952440568

Time 103.0
0.4993670543870688 0.09879275249194772
0.8889565393087341 0.09775685960494436
1.27068728462287 0.09884162412257111
0.41176202808129353 0.09879266655684771
0.4558181605741879 0.09879270952440118

Time 104.0
0.5981597788849331 0.09879271249579193
0.9867133989136257 0.09775685960494436
0.01952890874542229 0.09884162412257111
0.5105547226322245 0.09879270655300519
0.5546108700985858 0.09879270952439936

Time 105.0
0.6969524894448127 0.09879270972988342
1.0844702585186135 0.09775685960494436
0.11837053286799504 0.09884162412257111
0.6093474311211411 0.09879270931891238
0.6534035796229837 0.09879270952440047

Time 106.0
0.7957451990408189 0.09879270953860646
1.1822271181236161 0.09775685960494436
0.2172121569905704 0.09884162412257111
0.7081401405739307 0.09879270951018934
0.7521962891473816 0.09879270952440047

Time 107.0
0.8945379085701689 0.09879270952537729
1.2799839777286188 0.09775685960494436
0.3160537811131272 0.09884162412257111
0.8069328500933765 0.09879270952341852
0.8509889986717795 0.09879270952440075

Time 108.0
0.9933306180949103 0.09879270952446284
0.0277408373336048 0.09775685960494436
0.4148954052356748 0.09884162412257111
0.9057255596174308 0.09879270952433296
0.9497817081961774 0.09879270952440075

Time 109.0
1.092123327619312 0.0987927095244463
0.12549769693855184 0.09775685960494436
0.5137370293582224 0.09884162412257111
1.0045182691418248 0.09879270952434978
1.0485744177205754 0.09879270952440034

Time 110.0
1.19091603714371 0.0987927095244463
0.22325455654349902 0.09775685960494436
0.61257865348077 0.09884162412257111
1.1033109786662227 0.09879270952434978
1.1473671272449733 0.09879270952440034

Time 111.0
1.2897087466681079 0.0987927095244463
0.3210114161484462 0.09775685960494436
0.7114202776033176 0.09884162412257111
1.2021036881906206 0.09879270952434978
1.2461598367693711 0.09879270952440034

Time 112.0
0.037179483722977205 0.0951649844389329
0.41876827575339337 0.09775685960494436
0.8102619017258652 0.09884162412257111
1.3012398745999458 0.10034378267932513
1.345931041878365 0.10086936145493842

Time 113.0
0.13701062870834582 0.09952175413664942
0.5165251353583311 0.09775685960494436
0.9091035258484128 0.09884162412257111
0.04998061822797878 0.09798572311016725
0.09373728183816163 0.09887065132637989

Time 114.0
0.2360669919332012 0.09884581892671612
0.6142819949632228 0.09775685960494436
1.0079451499709604 0.09884162412257111
0.14850170052376857 0.09873959570540922
0.1925379648907111 0.09879271394107111

Time 115.0
0.33487820973294086 0.09879638242296841
0.7120388545681144 0.09775685960494436
1.106786774093508 0.09884162412257111
0.24727590132099653 0.09878903662558196
0.29133067486693803 0.09879270952464608

Time 116.0
0.43367219920062283 0.0987929635213032
0.8097957141730061 0.09775685960494436
1.2056283982160556 0.09884162412257111
0.346067330902083 0.09879245552749084
0.3901233843913594 0.09879270952440251

Time 117.0
0.5324649972386603 0.09879272708939184
0.9075525737778978 0.09775685960494436
1.3044700223386032 0.09884162412257111
0.4448599519128391 0.09879269195940826
0.4889160939157573 0.0987927095243964

Time 118.0
0.6312577128841631 0.09879271073909367
1.0053094333827954 0.09775685960494436
0.053311646461162966 0.09884162412257111
0.5436526553161337 0.09879270830970213
0.5877088034401552 0.0987927095244008

Time 119.0
0.730050422831859 0.0987927096084056
1.1030662929877981 0.09775685960494436
0.15215327058373768 0.09884162412257111
0.6424453644172337 0.09879270944039022
0.6865015129645531 0.0987927095244008

Time 120.0
0.8288431323855355 0.09879270953019913
1.2008231525928008 0.09775685960494436
0.25099489470631275 0.09884162412257111
0.7412380739123529 0.09879270951859667
0.785294222488951 0.0987927095244008

Time 121.0
0.9276358419119557 0.09879270952479796
1.2985800121978035 0.09775685960494436
0.34983651882886035 0.09884162412257111
0.8400307834347285 0.09879270952399784
0.8840869320133489 0.0987927095244008

Time 122.0
1.0264285514364835 0.09879270952444658
0.04633687180277875 0.09775685960494436
0.44867814295140795 0.09884162412257111
0.9388234929589965 0.09879270952434922
0.9828796415377468 0.0987927095244008

Time 123.0
1.1252212609608814 0.09879270952444658
0.1440937314077259 0.09775685960494436
0.5475197670739556 0.09884162412257111
1.0376162024833944 0.09879270952434922
1.0816723510621447 0.0987927095244008

Time 124.0
1.2240139704852793 0.09879270952444658
0.2418505910126731 0.09775685960494436
0.6463613911965032 0.09884162412257111
1.1364089120077923 0.09879270952434922
1.1804650605865425 0.0987927095244008

Time 125.0
1.3228066800096772 0.09879270952444658
0.33960745061762027 0.09775685960494436
0.7452030153190508 0.09884162412257111
1.2352016215321902 0.09879270952434922
1.2792577701109404 0.0987927095244008

Time 126.0
0.07095080831111471 0.09960285274944428
0.43736431022256744 0.09775685960494436
0.8440446394415984 0.09884162412257111
1.3350778483557812 0.10115233589364356
0.027615543559102177 0.09562293993010867

Time 127.0
0.17027475628082223 0.09910507773745017
0.5351211698274947 0.09775685960494436
0.942886263564146 0.09884162412257111
0.08290468468615357 0.09847739596811511
0.126842887832219 0.09879565486763121

Time 128.0
0.26917668340934264 0.0988144129020325
0.6328780294323864 0.09775685960494436
1.0417278876866936 0.09884162412257111
0.18158787529598705 0.09877100597986463
0.22563589866705952 0.09879270969129939

Time 129.0
0.36797695621563775 0.0987942104130449
0.730634889037278 0.09775685960494436
1.1405695118092412 0.09884162412257111
0.2803730215214152 0.09879120863573874
0.324428608208531 0.09879270952441271

Time 130.0
0.4667701887744352 0.09879281331737114
0.8283917486421697 0.09775685960494436
1.2394111359317888 0.09884162412257111
0.3791652080114091 0.09879260573142419
0.42322131773292887 0.0987927095244013

Time 131.0
0.5655629344689348 0.09879271670213481
0.9261486082470614 0.09775685960494436
1.3382527600543364 0.09884162412257111
0.47795788136570505 0.09879270234666203
0.5220140272573267 0.09879270952439961

Time 132.0
0.6643556464946525 0.09879271002077065
1.0239054678519801 0.09775685960494436
0.08709438417690496 0.09884162412257111
0.5767505883887831 0.09879270902802514
0.6208067367817246 0.09879270952440089

Time 133.0
0.7631483561920163 0.09879270955875047
1.1216623274569828 0.09775685960494436
0.18593600829948032 0.09884162412257111
0.6755432977402152 0.09879270949004533
0.7195994463061225 0.09879270952440089

Time 134.0
0.8619410657283902 0.09879270952676532
1.2194191870619855 0.09775685960494436
0.2847776324220459 0.09884162412257111
0.774336007252637 0.09879270952203048
0.8183921558305204 0.09879270952440089

Time 135.0
0.9607337752536146 0.09879270952455835
1.3171760466669882 0.09775685960494436
0.3836192565445935 0.09884162412257111
0.8731287167762084 0.09879270952423745
0.9171848653549183 0.09879270952440089

Time 136.0
1.059526484778053 0.0987927095244463
0.06493290627195288 0.09775685960494436
0.4824608806671411 0.09884162412257111
0.9719214263005659 0.0987927095243495
1.0159775748793163 0.09879270952440061

Time 137.0
1.158319194302451 0.0987927095244463
0.16268976587690004 0.09775685960494436
0.5813025047896887 0.09884162412257111
1.0707141358249637 0.09879270952434978
1.1147702844037142 0.09879270952440034

Time 138.0
1.2571119038268488 0.0987927095244463
0.2604466254818472 0.09775685960494436
0.6801441289122363 0.09884162412257111
1.1695068453493616 0.09879270952434978
1.213562993928112 0.09879270952440034

Time 139.0
0.005772961418198095 0.09546217929765449
0.3582034850867944 0.09775685960494436
0.7789857530347839 0.09884162412257111
1.2683025087624489 0.09896119356805476
1.3124844014968706 0.10195475570748731

Time 140.0
0.10410314566276986 0.09967714494564921
0.45596034469174157 0.09775685960494436
0.8778273771573315 0.09884162412257111
0.017886532019154466 0.09597268437383373
0.06094832256878399 0.10072829925371354

Time 141.0
0.2034420257228662 0.09892090141421471
0.5537172042966583 0.09775685960494436
0.9766690012798791 0.09884162412257111
0.11593299198653141 0.09866440633364759
0.1599411111145059 0.09879282082533421

Time 142.0
0.30227942166070076 0.09880157839599928
0.6514740639015499 0.09775685960494436
1.0755106254024267 0.09884162412257111
0.21468100371133828 0.0987838406464864
0.2587338320250574 0.09879270953071072

Time 143.0
0.4010752218381667 0.09879332284562756
0.7492309235064416 0.09775685960494436
1.1743522495249743 0.09884162412257111
0.3134706225820221 0.09879209620316375
0.35752654155010033 0.0987927095244053

Time 144.0
0.4998681450946767 0.09879275193822794
0.8469877831113333 0.09775685960494436
1.273193873647522 0.09884162412257111
0.41226311837430624 0.09879266711056772
0.4563192510744982 0.09879270952440103

Time 145.0
0.5986608693995789 0.09879271245750035
0.9447446427162249 0.09775685960494436
0.022035497770074734 0.09884162412257111
0.5110558131181998 0.09879270659129545
0.5551119605988961 0.0987927095244008

Time 146.0
0.6974535799461143 0.09879270972723511
1.0425015023211648 0.09775685960494436
0.12087712189264757 0.09884162412257111
0.6098485216204601 0.09879270932156069
0.653904670123294 0.0987927095244008

Time 147.0
0.7962462895411979 0.0987927095384228
1.1402583619261675 0.09775685960494436
0.21971874601522293 0.09884162412257111
0.7086412310741723 0.098792709510373
0.7526973796476919 0.0987927095244008

Time 148.0
0.895038999070484 0.09879270952536479
1.2380152215311702 0.09775685960494436
0.31856037013777905 0.09884162412257111
0.807433940593682 0.09879270952343103
0.8514900891720898 0.0987927095244008

Time 149.0
0.9938317085952212 0.09879270952446145
1.3357720811361729 0.09775685960494436
0.41740199426032665 0.09884162412257111
0.9062266501177406 0.09879270952433435
0.9502827986964877 0.0987927095244008

Time 150.0
1.0926244181196223 0.09879270952444658
0.083528940741127 0.09775685960494436
0.5162436183828742 0.09884162412257111
1.0050193596421353 0.09879270952434922
1.0490755082208856 0.0987927095244008

Time 151.0
1.1914171276440202 0.09879270952444658
0.18128580034607417 0.09775685960494436
0.6150852425054218 0.09884162412257111
1.1038120691665332 0.09879270952434922
1.1478682177452835 0.0987927095244008

Time 152.0
1.290209837168418 0.09879270952444658
0.27904265995102134 0.09775685960494436
0.7139268666279694 0.09884162412257111
1.202604778690931 0.09879270952434922
1.2466609272696814 0.0987927095244008

Time 153.0
0.037662435597776406 0.09516498440609544
0.3767995195559685 0.09775685960494436
0.812768490750517 0.09884162412257111
1.3017487390625564 0.10035130310869039
1.3464424970418867 0.10086184105841062

Time 154.0
0.13751534391099493 0.09951342340660436
0.4745563791609157 0.09775685960494436
0.9116101148730646 0.09884162412257111
0.05047770354313863 0.09799777284118459
0.09423875282128379 0.09886693232540755

Time 155.0
0.23656834624267148 0.09884511433332052
0.5723132387658219 0.09775685960494436
1.0104517389956122 0.09884162412257111
0.14900252719335855 0.0987403005095495
0.19303905541258204 0.09879271373032644

Time 156.0
0.3353793184775461 0.09879633368999202
0.6700700983707135 0.09775685960494436
1.1092933631181598 0.09884162412257111
0.2477769735770109 0.09878908535857024
0.29183176536724953 0.09879270952463419

Time 157.0
0.43417329096260543 0.09879296015120571
0.7678269579756052 0.09775685960494436
1.2081349872407074 0.09884162412257111
0.34656842014072115 0.09879245889758839
0.3906244748916698 0.09879270952440244

Time 158.0
0.5329660878262207 0.09879272685633504
0.8655838175804969 0.09775685960494436
1.306976611363255 0.09884162412257111
0.44536104232589924 0.09879269219246523
0.4894171844160677 0.0987927095243962

Time 159.0
0.631758803390507 0.09879271072297646
0.9633406771853885 0.09775685960494436
0.055818235485815326 0.09884162412257111
0.5441537458104104 0.09879270832581934
0.5882098939404655 0.09879270952440089

Time 160.0
0.7305515133325867 0.09879270960729099
1.0610975367903495 0.09775685960494436
0.1546598596083902 0.09884162412257111
0.6429464549171265 0.09879270944150483
0.6870026034648634 0.09879270952440089

Time 161.0
0.8293442228858747 0.09879270953012202
1.1588543963953521 0.09775685960494436
0.2535014837309646 0.09884162412257111
0.7417391644126343 0.09879270951867378
0.7857953129892613 0.09879270952440089

Time 162.0
0.9281369324122682 0.09879270952479234
1.2566112560003548 0.09775685960494436
0.3523431078535122 0.09884162412257111
0.8405318739350366 0.09879270952400346
0.8845880225136592 0.09879270952440089

Time 163.0
1.026929641936794 0.0987927095244463
0.004368115605354875 0.09775685960494436
0.4511847319760598 0.09884162412257111
0.9393245834593068 0.09879270952434922
0.9833807320380571 0.09879270952440089

Time 164.0
1.1257223514611918 0.0987927095244463
0.10212497521030113 0.09775685960494436
0.5500263560986074 0.09884162412257111
1.0381172929837046 0.09879270952434978
1.082173441562455 0.09879270952440034

Time 165.0
1.2245150609855897 0.0987927095244463
0.1998818348152483 0.09775685960494436
0.648867980221155 0.09884162412257111
1.1369100025081025 0.09879270952434978
1.180966151086853 0.09879270952440034

Time 166.0
1.3233077705099876 0.0987927095244463
0.29763869442019547 0.09775685960494436
0.7477096043437026 0.09884162412257111
1.2357027120325004 0.09879270952434978
1.2797588606112509 0.09879270952440034

Time 167.0
0.07145580878821768 0.09954593680973702
0.39539555402514265 0.09775685960494436
0.8465512284662502 0.09884162412257111
1.3355907369890276 0.10115233632140172
0.028100925949683348 0.09567985544205782

Time 168.0
0.1707773985258711 0.09910098388395254
0.4931524136300898 0.09775685960494436
0.9453928525887978 0.09884162412257111
0.08340420906366275 0.09848163036081592
0.12734399271059194 0.09879551432842806

Time 169.0
0.2696778817162906 0.09881412493880538
0.5909092732349854 0.09775685960494436
1.0442344767113454 0.09884162412257111
0.18208885798884483 0.09877129395105551
0.22613698916818456 0.09879270968333559

Time 170.0
0.36847805417127366 0.09879419049886101
0.6886661328398771 0.09775685960494436
1.143076100833893 0.09884162412257111
0.28087410456639983 0.0987912285499228
0.32492969870884125 0.09879270952441258

Time 171.0
0.4672712797903136 0.09879281194021892
0.7864229924447688 0.09775685960494436
1.2419177249564406 0.09884162412257111
0.37966629799615126 0.09879260710857651
0.42372240823323915 0.09879270952440117

Time 172.0
0.5660640250048987 0.09879271660689881
0.8841798520496604 0.09775685960494436
1.3407593490789882 0.09884162412257111
0.47845897183036157 0.09879270244189807
0.522515117757637 0.09879270952439956

Time 173.0
0.6648567369974286 0.09879271001418453
0.9819367116545521 0.09775685960494436
0.0896009732015575 0.09884162412257111
0.5772516788866277 0.09879270903461126
0.6213078272820349 0.0987927095244008

Time 174.0
0.7636494466924969 0.09879270955829553
1.0796935712595344 0.09775685960494436
0.18844259732413285 0.09884162412257111
0.6760443882403552 0.09879270949050027
0.7201005368064328 0.0987927095244008

Time 175.0
0.8624421562287122 0.09879270952673391
1.177450430864537 0.09775685960494436
0.28728422144669774 0.09884162412257111
0.7748370977529356 0.09879270952206189
0.8188932463308307 0.0987927095244008

Time 176.0
0.9612348657539255 0.09879270952455613
1.2752072904695397 0.09775685960494436
0.38612584556924534 0.09884162412257111
0.8736298072765182 0.09879270952423967
0.9176859558552286 0.0987927095244008

Time 177.0
1.0600275752783632 0.09879270952444658
0.022964150074528598 0.09775685960494436
0.48496746969179294 0.09884162412257111
0.9724225168008762 0.09879270952434922
1.0164786653796265 0.0987927095244008

Time 178.0
1.1588202848027611 0.09879270952444658
0.12072100967947548 0.09775685960494436
0.5838090938143405 0.09884162412257111
1.071215226325274 0.09879270952434922
1.1152713749040244 0.0987927095244008

Time 179.0
1.257612994327159 0.09879270952444658
0.21847786928442264 0.09775685960494436
0.6826507179368881 0.09884162412257111
1.170007935849672 0.09879270952434922
1.2140640844284223 0.0987927095244008

Time 180.0
0.006257250884928082 0.09540396616488067
0.3162347288893698 0.09775685960494436
0.7814923420594357 0.09884162412257111
1.2688045167329525 0.09899192744035827
1.3130013755605674 0.10198223496795754

Time 0.0
0.27 0.11350693926776205
0.54 0.09628607733593864
1.08 0.09789227127019616
0.0 0.11621791198916075
0.8100000000000002 0.09483339727369212

Time 1.0
0.38350693926776014 0.11350693926776205
0.6362860773359165 0.09628607733593864
1.177892271270217 0.09789227127019616
0.116217911989163 0.11621791198916075
0.904833397273675 0.09483339727369212

Time 2.0
0.49701387853552026 0.11350693926776205
0.7325721546718329 0.09628607733593864
1.2757845425404337 0.09789227127019616
0.2324358239783167 0.11621791198916075
0.9996667945473497 0.09483339727369212

Time 3.0
0.6105208178033344 0.11350693926776205
0.8288582320077493 0.09628607733593864
0.02367681381064544 0.09789227127019616
0.3486537359674929 0.11621791198916075
1.0945001918210246 0.09483339727369212

Time 4.0
0.7240277570711501 0.11350693926776205
0.9251443093436658 0.09628607733593864
0.12156908508084564 0.09789227127019616
0.4648716479566733 0.11621791198916075
1.1893335890946994 0.09483339727369212

Time 5.0
0.8375346963389657 0.11350693926776205
1.0214303866795822 0.09628607733593864
0.2194613563510352 0.09789227127019616
0.581089559945815 0.11621791198916075
1.2841669863683742 0.09483339727369212

Time 6.0
0.9510416356067813 0.11350693926776205
1.1177164640154986 0.09628607733593864
0.31735362762124336 0.09789227127019616
0.6973074719349399 0.11621791198916075
0.029000383642054223 0.09483339727369212

Time 7.0
1.0645485748745338 0.11350693926776205
1.214002541351415 0.09628607733593864
0.4152458988914602 0.09789227127019616
0.8135253839240648 0.11621791198916075
0.12383378091574297 0.09483339727369212

Time 8.0
1.1780555141422384 0.11350693926776205
1.3102886186873315 0.09628607733593864
0.513138170161677 0.09789227127019616
0.9297432959131897 0.11621791198916075
0.21866717818944534 0.09483339727369212

Time 9.0
1.291562453409943 0.11350693926776205
0.05657469602326031 0.09628607733593864
0.6110304414318938 0.09789227127019616
1.0459612079023146 0.11621791198916075
0.3135005754631293 0.09483339727369212

Time 10.0
0.05506939267767519 0.11350693926776205
0.15286077335920406 0.09628607733593864
0.7089227127021106 0.09789227127019616
1.1621791198914395 0.11621791198916075
0.4083339727368041 0.09483339727369212

Time 11.0
0.1685763319454353 0.11350693926776205
0.24914685069514825 0.09628607733593864
0.8068149839723274 0.09789227127019616
1.2783970318805644 0.11621791198916075
0.503167370010479 0.09483339727369212

Time 12.0
0.28208327121319543 0.11350693926776205
0.3454329280310649 0.09628607733593864
0.9047072552425443 0.09789227127019616
0.0446149438697027 0.11621791198916075
0.5980007672841537 0.09483339727369212

Time 13.0
0.39559021048095555 0.11350693926776205
0.44171900536698133 0.09628607733593864
1.002599526512761 0.09789227127019616
0.1608328558588639 0.11621791198916075
0.6928341645578285 0.09483339727369212

Time 14.0
0.5027654350514374 0.10494160433569141
0.5443367974001966 0.10485141226800927
1.1004917977829778 0.09789227127019616
0.277050767848023 0.11621791198916075
0.7876675618315033 0.09483339727369212

Time 15.0
0.6076696873724298 0.10489664385886982
0.649225561682907 0.10489637274483087
1.1983840690531946 0.09789227127019616
0.3932686798372034 0.11621791198916075
0.8825009591051781 0.09483339727369212

Time 16.0
0.7125662189525155 0.10489650870932972
0.7541220467065197 0.10489650789437097
1.2962763403234114 0.09789227127019616
0.5094865918263793 0.11621791198916075
0.9773343563788529 0.09483339727369212

Time 17.0
0.8174627273243419 0.10489650830306867
0.8590185549383966 0.10489650830063202
0.04416861159361879 0.09789227127019616
0.6257045038155042 0.11621791198916075
1.0721677536525278 0.09483339727369212

Time 18.0
0.9223592356263912 0.1048965083018591
0.96391506324003 0.10489650830184158
0.14206088286381802 0.09789227127019616
0.7419224158046291 0.11621791198916075
1.1670011509262026 0.09483339727369212

Time 19.0
1.0272557439282692 0.10489650830187203
1.0688115715419133 0.10489650830182866
0.23995315413400709 0.09789227127019616
0.858140327793754 0.11621791198916075
1.2618345481998774 0.09483339727369212

Time 20.0
1.1321522522301908 0.10489650830187203
1.1737080798438349 0.10489650830182866
0.3378454254042211 0.09789227127019616
0.9743582397828789 0.11621791198916075
0.006667945473553309 0.09483339727369212

Time 21.0
1.2370487605321123 0.10489650830187203
1.2786045881457564 0.10489650830182866
0.4357376966744379 0.09789227127019616
1.0905761517720038 0.11621791198916075
0.10150134274724289 0.09483339727369212

Time 22.0
1.3444802496456243 0.11350693084892699
0.030966115636037888 0.09628608575477368
0.5336299679446547 0.09789227127019616
1.2067940637611287 0.11621791198916075
0.196334740020942 0.09483339727369212

Time 23.0
0.09685705148084597 0.10480782801567952
0.1383823304045179 0.10498518858802117
0.6315222392148715 0.09789227127019616
1.3230119757502536 0.11621791198916075
0.2911681372946325 0.09483339727369212

Time 24.0
0.20173833135183444 0.10489624173216829
0.24329406713723026 0.10489677487153239
0.7294145104850883 0.09789227127019616
0.08922988773940685 0.11621791198916075
0.38600153456830727 0.09483339727369212

Time 25.0
0.3066347938775813 0.10489650750055317
0.34819062121518457 0.10489650910314752
0.8273067817553051 0.09789227127019616
0.20544779972856378 0.11621791198916075
0.48083493184198206 0.09483339727369212

Time 26.0
0.4115313020418297 0.10489650829944362
0.4530871296546363 0.10489650830425706
0.925199053025522 0.09789227127019616
0.32166571171773356 0.11621791198916075
0.5756683291156569 0.09483339727369212

Time 27.0
0.516427810343263 0.10489650830183746
0.5579836379568931 0.10489650830186323
1.0230913242957387 0.09789227127019616
0.43788362370691397 0.11621791198916075
0.6705017263893317 0.09483339727369212

Time 28.0
0.6213243186450735 0.10489650830183746
0.6628801462587036 0.10489650830186323
1.1209835955659555 0.09789227127019616
0.5541015356960686 0.11621791198916075
0.7653351236630065 0.09483339727369212

Time 29.0
0.7262208269468841 0.10489650830183746
0.7677766545605141 0.10489650830186323
1.2188758668361723 0.09789227127019616
0.6703194476851935 0.11621791198916075
0.8601685209366813 0.09483339727369212

Time 30.0
0.8311239621408041 0.10538704097919252
0.8726731982315199 0.1049011404573013
1.3167681381063892 0.09789227127019616
0.7865306974130176 0.11572274715636761
0.9550019182103561 0.09483339727369212

Time 31.0
0.9394245011739587 0.10867009693775947
0.979613223974898 0.10828991712889495
0.06466040937659231 0.09789227127019616
0.8973010612293503 0.10905091452620701
1.049835315484031 0.09483339727369212

Time 32.0
1.048094788956499 0.10867030951888734
1.0881509469958839 0.10864399639838106
0.16255268064678993 0.09789227127019616
1.0061039790186894 0.10869662267559305
1.1446687127577058 0.09483339727369212

Time 33.0
1.1567422276703707 0.10820406380760951
1.1965254994841665 0.10533847684163918
0.26044495191698197 0.09789227127019616
1.1147823305409257 0.1086373347963676
1.2398126958998723 0.09866445042093726

Time 34.0
1.2631897069582898 0.10564725013151656
1.3010363866374868 0.10478430007357918
0.3583372231871988 0.09789227127019616
1.2221925917381482 0.10624807118871275
1.3422883941279693 0.10416470447274508

Time 35.0
0.018812399470777383 0.08851316501985482
0.05438928119359159 0.10885359688524318
0.4562294944574156 0.09789227127019616
1.332027063692921 0.11621772675224808
0.09432266097115989 0.10725983720920751

Time 36.0
0.12427656235283087 0.10470747226701885
0.1607615370824378 0.1059117225966486
0.5541217657276324 0.09789227127019616
0.08427498088402315 0.10365483704774264
0.20108265087571145 0.10657029395514343

Time 37.0
0.22919443280619925 0.10507937566165856
0.2662996644455999 0.10534337954236257
0.6520140369978492 0.09789227127019616
0.18872008655074948 0.1048921044290854
0.3070258732590071 0.10552946623344694

Time 38.0
0.33433771230298115 0.10518221298409963
0.37157864958851017 0.10523995172952003
0.749906308268066 0.09789227127019616
0.2937673059561788 0.10514138374533682
0.4124007150804376 0.10528077740759709

Time 39.0
0.4395339542291234 0.10520476761803974
0.4768045709013702 0.10521739532058702
0.8477985795382829 0.09789227127019616
0.39894256108098586 0.10519583847858888
0.5176476225831814 0.10522632444933794

Time 40.0
0.5447417901938765 0.10520970060124854
0.5820188978708131 0.10521246233204735
0.9456908508084997 0.09789227127019616
0.5041458072113896 0.10520774776265081
0.6228665393851369 0.10521441517060677

Time 41.0
0.6499521618557249 0.10521077946565946
0.6872306891422445 0.10521138346761916
1.0435831220787164 0.09789227127019616
0.6093551750576696 0.10521035237178206
0.7280793344721307 0.1052118105614929

Time 42.0
0.7551630880851158 0.10521101541777834
0.7924419258461292 0.10521114751549895
1.1414753933489332 0.09789227127019616
0.714565881748442 0.10521092201057701
0.8332907907146336 0.10521124092269919

Time 43.0
0.8603741356007284 0.1052110670214783
0.8976530412637961 0.10521109591179799
1.23936766461915 0.09789227127019616
0.8197768812500512 0.1052110465929377
0.9385019541463038 0.10521111634033958

Time 44.0
0.9655852096421361 0.10521107830741655
1.0028641301556611 0.10521108462586294
1.3372599358893669 0.09789227127019616
0.9249879447905975 0.10521107383961609
1.0437130535390333 0.105211089093658

Time 45.0
1.07079628948484 0.10521108077574395
1.1080752132462357 0.10521108215753609
0.08515220715956713 0.09789227127019616
1.0301990223367243 0.10521107979856073
1.148924138926183 0.10521108313471286

Time 46.0
1.1760073705963352 0.10521108131547652
1.2132862950680172 0.10521108161780263
0.18304447842976185 0.09789227127019616
1.1354101029459454 0.105211081101827
1.2541352212502384 0.10521108183144745

Time 47.0
1.2812479941423183 0.10620617591827156
1.3191307459285817 0.11431793170150821
0.2809367496999597 0.09789227127019616
1.2406218187826408 0.1052467256634246
0.008682756873543238 0.09507349258334914

Time 48.0
0.03446266412492404 0.10894895504854686
0.07202815189949863 0.10299910209521318
0.3788290209701765 0.09789227127019616
0.001793879931854778 0.10186793260837637
0.11224294563735342 0.1070283361144171

Time 49.0
0.14195884550492108 0.10475504590641325
0.17858848068682381 0.10574159582590585
0.47672129224039334 0.09789227127019616
0.10183356857460997 0.10398242854632571
0.21899107269383053 0.10636525558790873

Time 50.0
0.24692268175667356 0.10510327019123632
0.28405959707946454 0.10531911662257416
0.5746135635106101 0.09789227127019616
0.20642586830009282 0.10495041983173926
0.32480814619050685 0.10547151922100378

Time 51.0
0.35207830678815555 0.10518747854899126
0.38932617342666126 0.10523468505726204
0.6725058347808269 0.09789227127019616
0.31150300045814233 0.10515409783389393
0.4301531385203329 0.10526806442640625

Time 52.0
0.4572772555566211 0.10520591933830017
0.494549387707038 0.10521624359699855
0.7703981060510438 0.09789227127019616
0.41668479080302023 0.10519861898293817
0.5353935109931658 0.10522354394831666

Time 53.0
0.5624856835395006 0.10520995248758866
0.5997631226577829 0.10521221044569354
0.8682903773212606 0.09789227127019616
0.5218894661925858 0.10520835587010331
0.6406109985365298 0.10521380706316809

Time 54.0
0.6676961846782222 0.1052108345542466
0.7049747844523376 0.10521132837903073
0.9661826485914774 0.09789227127019616
0.6270991466236964 0.10521048536739981
0.745823481038694 0.10521167756587639

Time 55.0
0.7729071392247443 0.10521102746587689
0.8101859928390918 0.10521113546740159
1.0640749198616941 0.09789227127019616
0.7323099216780701 0.10521095109726496
0.8510348689175969 0.10521121183601018

Time 56.0
0.8781181929334272 0.1052110696564479
0.9153971020636853 0.10521109327682739
1.161967191131911 0.09789227127019616
0.8375209361310754 0.10521105295431867
0.9562460173978671 0.10521110997895958

Time 57.0
0.9833292683292851 0.10521107888370301
1.0206081896011043 0.1052110840495782
1.2598594624021278 0.09789227127019616
0.9427320029415569 0.1052110752308736
1.0614571135206652 0.10521108770239883

Time 58.0
1.0885403484682106 0.1052110809017585
1.1258192723954525 0.10521108203151411
0.007751733672342855 0.09789227127019616
1.0479430812028239 0.1052110801028581
1.1666681981926676 0.10521108283042288

Time 59.0
1.1937514296444984 0.1052110813430033
1.2310303541524372 0.10521108159028049
0.10564400494254192 0.09789227127019616
1.1531541619684564 0.10521108116837602
1.2718792803603123 0.10521108176489374

Time 60.0
1.2993588770891331 0.10814680850184713
1.3382019420057492 0.11193091140174288
0.20353627621273374 0.09789227127019616
1.258420232278026 0.10593305722274937
0.024678500619342472 0.09483354874021409

Time 61.0
0.05420787204866161 0.11175597935283942
0.08981990421431335 0.10791128424313666
0.3014285474829374 0.09789227127019616
0.01727770190987083 0.09486035301724946
0.13019839968595498 0.10631670925332803

Time 62.0
0.15963337892086749 0.10484338878902565
0.1964100858645873 0.10560668749065712
0.3993208187531542 0.09789227127019616
0.11939604659884767 0.10427566920534279
0.23690869234105233 0.10611858038152802

Time 63.0
0.2646506672226729 0.10512764951799866
0.3018197538552616 0.10529459732177232
0.49721309002337105 0.09789227127019616
0.22413108110529723 0.10500951568685328
0.3425910274086765 0.10541256333992924

Time 64.0
0.36981884789137426 0.1051928255049539
0.407073750528499 0.10522933768054335
0.5951053612935878 0.09789227127019616
0.32923856628655335 0.10516700724577276
0.44790569075203573 0.10525515543528349

Time 65.0
0.4750205452220164 0.10520708878507275
0.5122942161744464 0.10521507414896208
0.6929976325638046 0.09789227127019616
0.4344269923708592 0.10520144227935764
0.5531394275576951 0.10522072065316117

Time 66.0
0.5802295743346104 0.10521020825056955
0.6175073499952598 0.10521195468270607
0.7908899038340215 0.09789227127019616
0.5396331190163041 0.10520897333657861
0.6583554638453966 0.10521318959669937

Time 67.0
0.6854402069429109 0.10521089049067117
0.7227188803202345 0.1052112724426063
0.8887821751042383 0.09789227127019616
0.6448431168430578 0.1052106204098712
0.7635676289519183 0.1052115425234049

Time 68.0
0.7906511902423742 0.10521103969940379
0.8279300599540481 0.1052111232338729
0.9866744463744551 0.09789227127019616
0.750053961313171 0.10521098063161355
0.8687789474150815 0.10521118230166333

Time 69.0
0.8958622502394438 0.10521107233197281
0.9331411628902543 0.10521109060130647
1.0845667176446718 0.09789227127019616
0.8552649909476865 0.10521105941360137
0.9739900807138432 0.105211103519673

Time 70.0
1.0010733270105991 0.1052110794688412
1.0383522490523716 0.10521108346444437
1.1824589889148887 0.09789227127019616
0.9604760610784265 0.10521107664354747
1.079201173516379 0.10521108628972055

Time 71.0
1.1062844074503106 0.10521108102977524
1.1435633315459375 0.1052110819034965
1.2803512601851055 0.09789227127019616
1.0656871400658552 0.10521108041178774
1.1844122574622216 0.10521108252149412

Time 72.0
1.2114954886923603 0.10521108137109776
1.2487744132371603 0.10521108156217783
0.02824353145531622 0.09789227127019616
1.1708982209902963 0.1052110812359072
1.2896233394710548 0.1052110816973707

Time 73.0
1.318193492065899 0.12111206103930672
0.005417702354252545 0.07533327920216473
0.12613580272551658 0.09789227127019616
1.2763765792656754 0.10755482687660532
0.04164801457159374 0.11684415874847671

Time 74.0
0.07246108372921935 0.10612870207367107
0.10804862091649324 0.10780315773400297
0.22402807399570565 0.09789227127019616
0.03378658440688212 0.09998152521027563
0.148183825071375 0.10693094084860387

Time 75.0
0.17732223397364563 0.10492086777586718
0.21421233957532027 0.10551184540204302
0.3219203452659151 0.09789227127019616
0.13700172079051154 0.1044924234015664
0.25478814565104585 0.10591918928707693

Time 76.0
0.28238232999846363 0.10514647193625676
0.3195762182017821 0.10527572271066835
0.41981261653613194 0.09789227127019616
0.24184519753247685 0.10505504612348412
0.3603650201243548 0.10536708509614429

Time 77.0
0.38756019486810284 0.10519694767469594
0.42482052171138024 0.1052252153539102
0.5177048878063487 0.09789227127019616
0.34697607774330513 0.1051769593117051
0.4656562974008473 0.10524520352624227

Time 78.0
0.49276401105898754 0.10520797565417592
0.5300388383245269 0.10521049459739137
0.6156022007317256 0.09824326375544022
0.4521696194506504 0.10520361879223218
0.5708799071008656 0.10487124433751006

Time 79.0
0.5975838261539556 0.10436821663041253
0.6343018534981674 0.10379802010259212
0.7170786006550154 0.10272597902452543
0.5572040821300522 0.10468662016345029
0.674022811366316 0.10315776121576946

Time 80.0
0.7017215604484982 0.10397546379897907
0.7380622139745536 0.10374845185893045
0.820190057454022 0.10337782382876345
0.6615661630017091 0.10411498271313875
0.7773877760614667 0.10351987493693794

Time 81.0
0.8056143064566048 0.103832998238669
0.8418098246742758 0.10374734471997422
0.9237019816845015 0.1036086803825792
0.7655484063373347 0.1038859175477899
0.8809898489242873 0.10366165624773734

Time 82.0
0.9094162873637005 0.10377953950723148
0.9455571506071345 0.10374731999225346
1.0273608549694233 0.10369518606841983
0.8693841613809767 0.10379945187224998
0.9846825108925183 0.10371509969659501

Time 83.0
1.0131841636524004 0.1037594369780758
1.049304470179787 0.10374731943994478
1.1310749126515036 0.10372771281454211
0.9731647423184957 0.10376692601974782
1.0884092735483162 0.10373520188443923

Time 84.0
1.1169392142700085 0.10375187670154866
1.1530517896103771 0.10374731942764125
1.2348097227492478 0.10373994560268984
1.0769245710702047 0.10375469325155745
1.1921488617874167 0.10374276215331238

Time 85.0
1.2206894413113774 0.10374903336731589
1.2567991090378112 0.10374731942730553
1.3385523375582595 0.10374454621428486
1.1806765951157703 0.10375009264042345
1.2958932736007935 0.10374560548742

Time 86.0
1.327856341508658 0.12018583570275242
0.010560529105407716 0.07393764807910544
0.09007905643310375 0.10346121238437919
1.28525695058739 0.10950018941916508
0.04759447612621095 0.11165171155134757

Time 87.0
0.07933168169340542 0.10379876231716062
0.1137383399141707 0.10577979495312938
0.19416884744396312 0.10463080687891348
0.04096687035875246 0.09932773656211598
0.15187821148722905 0.10519949642543029

Time 88.0
0.18245973293439885 0.10324354444372248
0.21802847424699875 0.10379518609208706
0.29894327025691286 0.10454810541318074
0.14278995503780686 0.10286908306902202
0.2565991155581524 0.10428067811873737

Time 89.0
0.2858798988145759 0.10355254656571052
0.3217881054831553 0.1037483885242497
0.4032161864222209 0.10406213830325069
0.24599175676541435 0.10343077071632863
0.36068119768565815 0.1039427530272102

Time 90.0
0.38950282419403115 0.1036739506357
0.42553569989258105 0.10374734330540965
0.5071646946895292 0.10386602524726742
0.34953744242245793 0.10362857497192118
0.46455308110917143 0.10382070297645149

Time 91.0
0.49320333034547703 0.10371972363335161
0.5292830254615992 0.10374731996066006
0.6109877576905427 0.10379197019518359
0.4532090083387186 0.10370266779659468
0.5683472176081841 0.10377491555095993

Time 92.0
0.5969330431508142 0.1037369408989051
0.6330303450261219 0.10374731943925916
0.7147635651883458 0.10376411223545447
0.5569278394736652 0.10373052659996151
0.6721121437423232 0.10375769796316944

Time 93.0
0.7006737409091236 0.10374341617731965
0.7367776644565371 0.10374731942761586
0.8185215987003251 0.10375363501847705
0.6606644448114298 0.1037410038357921
0.7758660848406119 0.10375122267754515

Time 94.0
0.8044185700003105 0.10374585145853953
0.8405249838839545 0.1037473194273605
0.9222729475762105 0.10374969465076492
0.7644077347901348 0.10374494420392537
0.8796158946041681 0.10374878739615945

Time 95.0
0.9081649528400109 0.10374676734066433
0.9442723033113032 0.10374731942736012
1.026021782434204 0.10374821272236845
0.8681535387868369 0.10374642613232438
0.9833641506191644 0.10374787151403242

Time 96.0
1.0119119200272053 0.10374711179372405
1.048019622738669 0.10374731942730595
1.1297696717981063 0.1037476553856516
0.9719002882776332 0.10374698346906942
1.0871118222866807 0.10374752706099867

Time 97.0
1.115659106980973 0.10374724133866761
1.1517669421660317 0.10374731942730522
1.2335172055722463 0.10374744577752192
1.0756473933582171 0.1037471930771961
1.1908592741876352 0.10374739751605896

Time 98.0
1.2194063765864933 0.10374729005908243
1.2555142615933905 0.10374731942730785
1.3372646056130393 0.10374736694624179
1.1793946321721507 0.10374727190846547
1.294606643436836 0.10374734879565214

Time 99.0
1.3263732456411526 0.12052799694428558
0.009641073618847423 0.07270037310103206
0.08879841848866074 0.10306864635063294
1.2839065134602239 0.1091313345603364
0.046203865329787604 0.11330824618046263

Time 100.0
0.07804601323441654 0.1038978507875573
0.11242858229308668 0.10586104950224083
0.19287287613190637 0.10461388537050899
0.03973667190347325 0.09917091770633135
0.15057557011254036 0.10519289377011112

Time 101.0
0.18118111446114837 0.1032379848544824
0.2167430382826881 0.10379742305560612
0.2976485202786153 0.10455645610523544
0.1415159623787244 0.10285711281154068
0.2553076754109973 0.10428762030988509

Time 102.0
0.28459745931170166 0.10355020333025593
0.32050324489420084 0.10374843848719122
0.4019274469067172 0.10406591431226841
0.24471082266037816 0.10342691386556861
0.3593939341759215 0.10394512714146563

Time 103.0
0.38821888378674757 0.10367306390692549
0.4242508521545808 0.10374734442132061
0.5058783797189138 0.10386745965973168
0.348254062979256 0.10362713875387528
0.46326732644617213 0.1038215903948967

Time 104.0
0.4919188240596944 0.10371939002256636
0.5279981780106218 0.10374731998558788
0.609702358241877 0.10379250998107488
0.45192471290915187 0.10370212797038407
0.5670620290010759 0.10377524917713654

Time 105.0
0.595648324013068 0.10373681542888083
0.631745497581556 0.10374731943981268
0.713478510139413 0.10376431525003156
0.5556431996339932 0.10373032358448649
0.6708271679911387 0.10375782343353822

Time 106.0
0.6993889417194274 0.10374336898938688
0.7354928170121132 0.10374731942763035
0.8172366731781202 0.10375371137015883
0.6593796754447989 0.10374092748409143
0.7745811891414658 0.10375126986548229

Time 107.0
0.8031337407039525 0.10374583371168841
0.8392401364395347 0.10374731942736018
0.920988070767605 0.10374972336578674
0.7631229167098987 0.10374491548890352
0.8783310290116848 0.1037488051430108

Time 108.0
0.9068801122208758 0.10374676066626791
0.9429874558668834 0.10374731942736007
1.024736923946241 0.1037482235217658
0.8668687023859596 0.10374641533292647
0.9820792963494598 0.10374787818842951

Time 109.0
1.0106270751496977 0.10374710928355499
1.04673477529425 0.10374731942730564
1.1284848202003366 0.10374765944717593
0.970615444986565 0.1037469794075399
1.0858269722753477 0.10374752957117328

Time 110.0
1.1143742605019353 0.10374724039462593
1.1504820947216075 0.10374731942730472
1.2322323565657956 0.10374744730502021
1.074362547475823 0.10374719154970016
1.1895744257778276 0.10374739846009873

Time 111.0
1.2181215295051429 0.10374728970402694
1.2542294141489692 0.10374731942730475
1.335979757581155 0.10374736752072208
1.1781097853151843 0.10374727133400458
1.2933217956293432 0.10374734915069134

Time 112.0
1.3248807301142147 0.12087313996696371
0.008731902066897045 0.07148850528040675
0.08752991418694639 0.10262115758523385
1.2825566793035437 0.10874108612673625
0.04479965364495554 0.11501270817740929

Time 113.0
0.0767597458462097 0.1040042358929473
0.11111859013524761 0.10594114553343617
0.1915764928023992 0.10459806860359286
0.03850775773286959 0.09900841208531048
0.14927288993658086 0.10518473502146287

Time 114.0
0.17990260621451865 0.1032323275816243
0.2154575921582577 0.10379969863414938
0.2963535947014623 0.10456495607108478
0.14024216175886234 0.10284493078720695
0.2540161187569547 0.10429468406268425

Time 115.0
0.28331506243984084 0.10354781860459117
0.3192183840783119 0.10374848931271859
0.4006386384827922 0.10406975718823927
0.2434299578309453 0.10342298875217139
0.3581066278949174 0.1039475432790293

Time 116.0
0.3869349594373371 0.10367216147969666
0.42296600441150894 0.1037473455564981
0.5045920387676733 0.10386891946687773
0.3469707095248753 0.10362567710997266
0.46198155572216143 0.10382249352370455

Time 117.0
0.490634323813651 0.10371905050566221
0.5267133305595285 0.10374732001093712
0.6084169490207356 0.10379305932312831
0.45064042725223946 0.10370157858730575
0.5657768343541493 0.10377558870971638

Time 118.0
0.5943636071468078 0.10373668773759259
0.6304606501369822 0.10374731944038014
0.712193451415125 0.1037645218587074
0.554358563469672 0.10373011697489756
0.6695421899684573 0.10375795112517214

Time 119.0
0.6981041433840082 0.10374332096605486
0.7342079695676839 0.10374731942764126
0.815951746273654 0.10375378907353527
0.6580949074604184 0.10374084978069487
0.7732962925880307 0.10375131788882345

Time 120.0
0.8018489117288761 0.10374581565064314
0.8379552889951082 0.10374731942736076
0.919703193439144 0.1037497525891613
0.7618380991495055 0.10374488626553166
0.877046163097908 0.10374882320405293

Time 121.0
0.9055952717225599 0.10374675387371723
0.9417026084224536 0.10374731942736
1.0234520652627628 0.10374823451235053
0.8655838661805789 0.1037464043423421
0.980794441958916 0.10374788498097984

Time 122.0
1.0093422303176232 0.10374710672895922
1.04544992784982 0.10374731942730664
1.127199968529025 0.10374766358061492
0.9693306017690183 0.10374697527409724
1.0845421222185625 0.10374753212577167

Time 123.0
1.1130894140399896 0.1037472394338586
1.1491972472771814 0.10374731942730808
1.2309475075316842 0.10374744885955953
1.0730777016210797 0.10374718999516404
1.1882895773509212 0.10374739942085952

Time 124.0
1.2168366824302168 0.10374728934269968
1.2529445667045453 0.1037473194273047
1.3346949095388658 0.1037473681053686
1.176824938468625 0.10374727074935482
1.2920369478154197 0.10374734951202186

Time 125.0
1.3233752155609506 0.1212185487389257
0.007879732603500006 0.0701719639729736
0.08625772873020415 0.1020721853123431
1.2812123706882053 0.10831142805004303
0.04334959451157667 0.11696247106246435

Time 126.0
0.07546960973833305 0.10414157212974759
0.10980388088938856 0.10603436787188596
0.1902819752345458 0.10457738007972602
0.037285764114065985 0.09881441329996732
0.14797000925485285 0.10516886375542284

Time 127.0
0.17862429555205508 0.10322658429680967
0.21417202915367864 0.10380241846982118
0.2950583839062833 0.10457347122228129
0.13896883547532912 0.10283201472481342
0.2527242922805904 0.10430210842302405

Time 128.0
0.28203275292964247 0.10354535072757838
0.3179335206519036 0.10374855006093103
0.3993496895109284 0.10407373154359355
0.2421492377733521 0.10341891610413886
0.35681923263885623 0.10395004870050797

Time 129.0
0.38565106822912626 0.10367122669479661
0.4216811566101305 0.10374734691329762
0.503305644210859 0.10387043156134622
0.34568740977040535 0.10362416282015738
0.4606957518209142 0.10382342914715195

Time 130.0
0.48934983603801585 0.10371869879517401
0.5254284831071319 0.10374732004124324
0.6071315196224503 0.10379362839328878
0.4493561617745772 0.10370100946811134
0.5644916272360094 0.10377594043893233

Time 131.0
0.5930788949706745 0.10373655545988883
0.6291758026923806 0.10374731944106025
0.7109083851020687 0.10376473588831234
0.5530739348941731 0.10372990294419107
0.6682572072556345 0.10375808340329738

Time 132.0
0.6968193468124999 0.1037432712178142
0.7329231221232583 0.10374731942765618
0.8146668165151303 0.10375386956787758
0.6568101423301053 0.10374076928632832
0.7720113942706933 0.10375136763707342

Time 133.0
0.8005640834171899 0.10374579694088719
0.8366704415506859 0.10374731942736143
0.9184183150373058 0.1037497828621898
0.7605532826625021 0.10374485599249852
0.8757612965207511 0.1037488419138127

Time 134.0
0.9043104314737527 0.10374674683718013
0.9404177609780345 0.10374731942736082
1.0221672061756024 0.10374824589769911
0.8642990303789025 0.10374639295699202
0.9795095873188865 0.10374789201751776

Time 135.0
1.008057385579394 0.10374710408259037
1.0441650804054015 0.1037473194273051
1.125915116705902 0.10374766786251512
0.9680457587033025 0.10374697099220065
1.0832572720679543 0.10374753477213867

Time 136.0
1.1118045676133332 0.10374723843859876
1.1479123998327603 0.10374731942730614
1.229662658440482 0.10374745046993532
1.071792855823439 0.10374718838478603
1.1870047288887338 0.1037474004161235

Time 137.0
1.215551835368564 0.1037472889683841
1.2516597192601213 0.10374731942730722
1.3334100614751074 0.10374736871101195
1.175540091643534 0.10374727014371726
1.2907520999882256 0.10374734988632921

Time 138.0
1.321878981549306 0.12149475317082672
0.007004237682908766 0.06914032024730575
0.08499623684121063 0.10152845818106221
1.2798752253759726 0.10790126263130369
0.04189572342291627 0.11867180290625137

Time 139.0
0.07417921627526956 0.10427890947498622
0.10849107924051116 0.10611882900082378
0.18898727194646947 0.1045600485237996
0.036061234890948334 0.09862646911896661
0.14666819965586383 0.1051523410181735

Time 140.0
0.1773457302810406 0.10322105591343021
0.21288650510678842 0.10380499022263055
0.2937635730673573 0.10458168417701345
0.1376950462013886 0.10281964045259284
0.2514327444892361 0.1043092263710827

Time 141.0
0.28075034340043964 0.10354297989929637
0.3166486580956003 0.10374860750184065
0.39806090210434536 0.10407754989274151
0.24086835474261817 0.10341500481365236
0.35553193793955534 0.10395245502921874

Time 142.0
0.3843671393097645 0.10367032877039761
0.42039630882818485 0.1037473481962278
0.5020193106659616 0.10387188403709953
0.3444040489725729 0.10362270826857882
0.4594099856428266 0.10382432786444595

Time 143.0
0.4880653340775139 0.10371836095558094
0.5241436356551689 0.10374732006989686
0.6058461131756262 0.10379417502037491
0.44807187334474946 0.10370046279466195
0.563206434303003 0.10377627829623505

Time 144.0
0.5917941774597207 0.10373642839905327
0.6278909552477869 0.10374731944170208
0.7096233274209228 0.10376494147685873
0.5517892976867411 0.1037296973546104
0.6669722298776339 0.10375821046452519

Time 145.0
0.695534548234622 0.10374322343158376
0.7316382746788295 0.10374731942766952
0.813381890002972 0.10375394688761862
0.6555253739534197 0.10374069196656306
0.7707264979597184 0.10375141542331474

Time 146.0
0.7992792543509283 0.10374577896901678
0.835385594106261 0.10374731942735975
0.9171334378563866 0.10374981194128749
0.7592684649545703 0.10374482691340299
0.8744764306981622 0.10374885988568268

Time 147.0
0.903025590941149 0.10374674007816105
0.9391329135336094 0.10374731942735972
1.0208823475476134 0.10374825683402233
0.8630141941180399 0.10374638202066798
0.9782247329626382 0.10374789877653862

Time 148.0
1.006772540734427 0.10374710154059769
1.0428802329609748 0.10374731942730668
1.1246302650554625 0.1037476719755434
0.96676091546489 0.1037469668791709
1.081972422024069 0.10374753731413118

Time 149.0
1.1105197211465347 0.10374723748258369
1.1466275523883345 0.10374731942730661
1.2283778094142215 0.10374745201679995
1.0705080099608477 0.1037471868379216
1.1857198804666809 0.1037474013721378

Time 150.0
1.2142669882918133 0.10374728860883914
1.2503748718156944 0.10374731942730596
1.3321252134357706 0.10374736929277024
1.1742552447940184 0.10374726956195816
1.2894672521761246 0.10374735024587621

Time 151.0
1.320375515688044 0.12168497973625063
0.006133825564571937 0.06845819318856412
0.08374672771089273 0.10097459400206679
1.2785405067447693 0.10748465764130188
0.040429591941908156 0.12013417256856634

Time 152.0
0.07288719457869475 0.10444558305890302
0.10717387325946043 0.10621392931874872
0.18769081601938037 0.10454085359158405
0.034847053758067056 0.09840394813008782
0.1453638271713341 0.10513228303742608

Time 153.0
0.17606819557245057 0.10321462341978149
0.21160086801667266 0.1038079916456765
0.29246712809713604 0.10459124005332089
0.13642307396939288 0.10280522800005278
0.2501400962680337 0.10431751401791807

Time 154.0
0.2794683340773665 0.10354021991657285
0.3153637930144715 0.10374867453971998
0.3967714679303843 0.10408199494520078
0.23958812256451595 0.10341045129162535
0.35424424147369643 0.1039552564436308

Time 155.0
0.3830833611795445 0.10366928343961476
0.4191114609898475 0.10374734969350584
0.5007327331565317 0.1038735749551657
0.3431209322305166 0.1036210149278645
0.4581240686407448 0.10382537412059888

Time 156.0
0.4867808888332887 0.10371796765466212
0.5228587882019458 0.10374732010333823
0.6045606149603253 0.10379481138429691
0.4467876766854358 0.10369982637662727
0.5619211846529393 0.10377667161782517

Time 157.0
0.5905094812792643 0.1037362804793154
0.6266061078031654 0.10374731944245177
0.7083382352263141 0.10376518081580677
0.5505046949928178 0.10372945801445635
0.6656872311691197 0.10375835838471933

Time 158.0
0.6942497576789083 0.10374316780053923
0.7303534272344011 0.10374731942768457
0.8120969505106784 0.10375403690053908
0.6542406185568694 0.10374060195361817
0.7694415936265796 0.1037514710543686

Time 159.0
0.7979944283017147 0.10374575804679716
0.8341007466618364 0.10374731942736047
0.9158485557937853 0.10374984579414584
0.7579836521283234 0.10374479306054483
0.8731915618585278 0.10374888080790137

Time 160.0
0.901740751543225 0.10374673220954671
0.9378480660891861 0.10374731942736104
1.0195974870836815 0.10374826956570163
0.8617293596931258 0.10374636928898734
0.9769398774717152 0.103747906645153

Time 161.0
1.005487696316202 0.10374709858130556
1.041595385516551 0.10374731942730674
1.1233454127145457 0.10374767676378739
0.9654760729169615 0.10374696209092087
1.0806875715534456 0.10374754027342907

Time 162.0
1.1092348748402336 0.10374723636961843
1.14534270494391 0.10374731942730656
1.2270929601282787 0.1037474538176066
1.0692231643579428 0.10374718503711762
1.184435031884135 0.10374740248510055

Time 163.0
1.2129821412754243 0.10374728819027536
1.2490900243712706 0.10374731942730743
1.3308403652987717 0.10374736997003103
1.172970398042173 0.10374726888468391
1.2881824043036643 0.1037473506644521

Time 164.0
1.3188616065726912 0.12169032281069939
0.005315535060160612 0.06830520181159717
0.08249663524518529 0.10037164540722934
1.2772123726409943 0.10705647782615256
0.03891578090903413 0.12131294928107127

Time 165.0
0.07159215778642251 0.10461613843832888
0.1058598885175564 0.1062945662089286
0.18639770173511086 0.10452503748425519
0.033624857914738036 0.09819444229684701
0.14406392161098774 0.10510641270839

Time 166.0
0.17478933748667724 0.10320942734082714
0.21031529748805342 0.10381074006116033
0.29117280371531123 0.10459887446480225
0.13514887345129878 0.10279314637326574
0.24884881256022462 0.10432440889669423

Time 167.0
0.27818581978966944 0.10353795243818176
0.3140789294199693 0.10374873592686726
0.3954828503469234 0.10408564485534533
0.23830707139050203 0.10340670205498981
0.3529570508912472 0.10395756186136554

Time 168.0
0.38179939297526067 0.10366842395187859
0.41782661318471437 0.10374735106457388
0.49944646318314045 0.10387496521185312
0.3418375078986969 0.10361962245274253
0.45683834173324994 0.10382623445570162

Time 169.0
0.4854963721006996 0.10371764426103447
0.521573940749465 0.1037473201339621
0.6032752324153994 0.1037953346367146
0.44550336435454624 0.10369930307466704
0.5606360064917011 0.10377699503037148

Time 170.0
0.5892247582127508 0.1037361588512297
0.6253212603585597 0.10374731944313707
0.7070531865342585 0.10376537761395813
0.5492200487963146 0.1037292612151953
0.6644022593466714 0.10375848001322954

Time 171.0
0.6929649570116468 0.10374312205750166
0.7290685797899716 0.10374731942769963
0.8108120273792134 0.10375411091432463
0.6529558467994903 0.10374052793980597
0.7681566994049872 0.10375151679741781

Time 172.0
0.7967095984496579 0.10374574084335053
0.8328158992174107 0.1037473194273603
0.914563679884307 0.10374987362990946
0.7566988331489493 0.10374476522478053
0.8719066968217322 0.10374889801134883

Time 173.0
0.9004559107150919 0.10374672573952161
0.9365632186447581 0.10374731942736143
1.0183126289338642 0.10374828003442302
0.8604445229540876 0.10374635882026631
0.9756550234109934 0.1037479131151773

Time 174.0
1.0042028513600885 0.10374709614799642
1.040310538072123 0.10374731942730724
1.1220605612439412 0.10374768070095487
0.9641912294987081 0.10374695815375781
1.0794027216207038 0.10374754270673346

Time 175.0
1.1079500283316308 0.10374723545448736
1.144057857499483 0.10374731942730638
1.2258081111696537 0.10374745529832959
1.0679383184277138 0.10374718355639038
1.1831501835038818 0.10374740340023601

Time 176.0
1.21169729418295 0.10374728784609444
1.2478051769268452 0.10374731942730644
1.329555517284872 0.10374737052691888
1.1716855511672146 0.10374726832781117
1.2868975565072858 0.1037473510086188

Time 177.0
1.3173619711558575 0.1213913502080382
0.004450427986509999 0.06926614730251836
0.0812572435907975 0.09987529315623116
1.2758894702273802 0.10668301448259526
0.03741858024538289 0.12152079198736669

Time 178.0
0.07029815116181123 0.1047994892779516
0.10454484665220748 0.10637452125586463
0.18510054977252233 0.10451231814205984
0.03240954837901381 0.09796811269512196
0.1427611943771308 0.10508215576575167

Time 179.0
0.17351158713945466 0.10320318077189443
0.2090296919797499 0.10381362142662495
0.2898766970841835 0.10460817320550872
0.13387651178304805 0.1027791852703644
0.24755639949299948 0.10433243646235721

Time 180.0
0.2769037260518546 0.10353527438943595
0.31279406504418017 0.10374880028371816
0.39419355254067984 0.10408995816627985
0.23702670170341655 0.10340228461248453
0.3516694392760534 0.10396027968483118

