Time 0.0
0.0 0.09015396421059917
0.135 0.09249400307610155
0.27 0.09282416081016139
0.4050000000000001 0.10275577230261687
0.54 0.1079658759130028
0.675 0.10850340289382095
0.8100000000000002 0.11178024099763431
0.9450000000000001 0.11378810582188255
1.08 0.11859855494301486
1.215 0.11950178899326987

Time 1.0
0.09015396421059704 0.09015396421059917
0.22749400307609347 0.09249400307610155
0.36282416081013436 0.09282416081016139
0.5077557723026166 0.10275577230261687
0.6479658759129965 0.1079658759130028
0.7835034028938115 0.10850340289382095
0.9217802409976722 0.11178024099763431
1.0587881058219122 0.11378810582188255
1.1985985549430058 0.11859855494301486
1.334501788993226 0.11950178899326987

Time 2.0
0.1803079284212014 0.09015396421059917
0.3199880061521869 0.09249400307610155
0.4556483216202687 0.09282416081016139
0.6105115446051818 0.10275577230261687
0.7559317518259929 0.1079658759130028
0.8920068057876229 0.10850340289382095
1.0335604819953108 0.11178024099763431
1.172576211643878 0.11378810582188255
1.3171971098860116 0.11859855494301486
0.10400357798648883 0.11950178899326987

Time 3.0
0.27046189263180487 0.09015396421059917
0.4124820092282804 0.09249400307610155
0.548472482430403 0.09282416081016139
0.7132673169077469 0.10275577230261687
0.8638976277389894 0.1079658759130028
1.0005102086814344 0.10850340289382095
1.1453407229928718 0.11178024099763431
1.286364317465844 0.11378810582188255
0.08579566482902432 0.11859855494301486
0.22350536697976786 0.11950178899326987

Time 4.0
0.3713900473603534 0.10475052299584947
0.5049760123043738 0.09249400307610155
0.6412966432405374 0.09282416081016139
0.8160230892103121 0.10275577230261687
0.9718635036519858 0.1079658759130028
1.1090136115752458 0.10850340289382095
1.2571209639904328 0.11178024099763431
0.05015242328777302 0.11378810582188255
0.20439421977203465 0.11859855494301486
0.33223296545508874 0.10490523020801956

Time 5.0
0.4762046405811322 0.10482764407983759
0.5974700153804673 0.09249400307610155
0.7341208040506717 0.09282416081016139
0.9187788615128772 0.10275577230261687
1.0798293795650644 0.1079658759130028
1.2175170144690572 0.10850340289382095
0.018901204988006105 0.11178024099763431
0.1639405291096556 0.11378810582188255
0.3229927747150404 0.11859855494301486
0.4370741254381788 0.10482810912403144

Time 6.0
0.5810324772537115 0.10482787590297761
0.6899640184565607 0.09249400307610155
0.826944964860806 0.09282416081016139
1.0215346338154425 0.10275577230261687
1.1877952554781719 0.1079658759130028
1.3260204173628687 0.10850340289382095
0.13068144598563952 0.11178024099763431
0.27772863493153144 0.11378810582188255
0.44159132965804615 0.11859855494301486
0.5419020419694678 0.10482787730089142

Time 7.0
0.6858603537356175 0.10482787659983964
0.7824580215326542 0.09249400307610155
0.9197691256709404 0.09282416081016139
1.1242904061180077 0.10275577230261687
1.2957611313912794 0.1079658759130028
0.08452382025668766 0.10850340289382095
0.2424616869832838 0.11178024099763431
0.39151674075338627 0.11378810582188255
0.5601898846010519 0.11859855494301486
0.6467299186914303 0.1048278766040294

Time 8.0
0.7906882303371988 0.10482787660189281
0.8749520246087477 0.09249400307610155
1.0125932864810898 0.09282416081016139
1.2270461784205728 0.10275577230261687
0.053727007304334946 0.1079658759130028
0.19302722315050427 0.10850340289382095
0.3542419279809022 0.11178024099763431
0.5053048465752411 0.11378810582188255
0.6787884395440577 0.11859855494301486
0.7515577952937164 0.10482787660197622

Time 9.0
0.8955161069391305 0.10482787660189281
0.9674460276848411 0.09249400307610155
1.1054174472913352 0.09282416081016139
1.329801950723138 0.10275577230261687
0.16169288321733197 0.1079658759130028
0.30153062604431574 0.10850340289382095
0.4660221689785187 0.11178024099763431
0.6190929523970959 0.11378810582188255
0.7973869944870634 0.11859855494301486
0.8563856718956481 0.10482787660197622

Time 10.0
1.000343983541062 0.10482787660189284
1.0599400307610065 0.09249400307610155
1.1982416081015805 0.09282416081016139
0.08255772302574448 0.10275577230261687
0.26965875913032844 0.1079658759130028
0.4100340289381272 0.10850340289382095
0.5778024099761739 0.11178024099763431
0.7328810582189508 0.11378810582188255
0.9159855494300692 0.11859855494301486
0.9612135484975798 0.10482787660197619

Time 11.0
1.1074379133457748 0.10888417500752419
1.152434033837211 0.09249400307610155
1.291065768911826 0.09282416081016139
0.18531349532836514 0.10275577230261687
0.3776246350433249 0.1079658759130028
0.5185374318319387 0.10850340289382095
0.689582650973846 0.11178024099763431
0.8466691640408056 0.11378810582188255
1.0284158101874175 0.10995246741338972
1.0699436660823942 0.10941766572596995

Time 12.0
1.2120912967689677 0.10449321138001744
1.2526778521283783 0.10346323326965319
0.033889929722040704 0.09282416081016139
0.2880692676309858 0.10275577230261687
0.48559051095632133 0.1079658759130028
0.6270408347257501 0.10850340289382095
0.801362891971518 0.11178024099763431
0.9604572698626604 0.11378810582188255
1.1369606005769077 0.10688244539677753
1.1772499852015217 0.10590942117653726

Time 13.0
1.3174291088104069 0.11589096569883046
0.006456890459239643 0.09323545363675896
0.12671409053220278 0.09282416081016139
0.39082503993360646 0.10275577230261687
0.5935563868693178 0.1079658759130028
0.7355442376195616 0.10850340289382095
0.91314313296919 0.11178024099763431
1.0742453756845878 0.11378810582188255
1.2430241867009832 0.10557482460950217
1.2828178599281461 0.10604706727789395

Time 14.0
0.0699724863153428 0.10322432871470182
0.10923986654704539 0.10709049779060523
0.21953825134236488 0.09282416081016139
0.49358081223622713 0.10275577230261687
0.7015222627823142 0.1079658759130028
0.844047640513373 0.10850340289382095
1.0249233739668373 0.11178024099763431
1.1880334815065536 0.11378810582188255
0.004955482451981648 0.08756937322791424
0.03630852180738192 0.12286411148976417

Time 15.0
0.1768214803011739 0.10577156601703022
0.21624494789022297 0.10647891711181377
0.3123624121525083 0.09282416081016139
0.5963365845387958 0.10275577230261687
0.8094881386953107 0.1079658759130028
0.9525510434071844 0.10850340289382095
1.1367036149643983 0.11178024099763431
1.3018215873285195 0.11378810582188255
0.10452313992111967 0.10382514377163253
0.14363510023222076 0.10467268432250894

Time 16.0
0.28229706875848976 0.1053073805509651
0.322108039033403 0.10547715463655798
0.40518657296264265 0.09282416081016139
0.699092356841361 0.10275577230261687
0.9174540146083071 0.1079658759130028
1.0610544463009959 0.10850340289382095
1.2484838559619593 0.11178024099763431
0.06560969315043728 0.11378810582188255
0.20902216752345146 0.10489679027275682
0.24854570425237957 0.1050669857627055

Time 17.0
0.38754594959622785 0.10521336579012039
0.42744426079023623 0.10525054153293356
0.498010733772777 0.09282416081016139
0.8018481291439261 0.10275577230261687
1.0254198905213296 0.1079658759130028
1.1695578491948073 0.10850340289382095
0.010264096959526917 0.11178024099763431
0.17939779897231986 0.11378810582188255
0.3140600651957337 0.1051236134451962
0.35367101520851096 0.10516079045473528

Time 18.0
0.4927465400785942 0.10519282702840183
0.5326639608974731 0.10520095765380325
0.5908348945829114 0.09282416081016139
0.9046039014464913 0.10275577230261687
1.1333857664344371 0.1079658759130028
1.2780612520886188 0.10850340289382095
0.12204433795715991 0.11178024099763431
0.29318590479419193 0.11378810582188255
0.4192145205912252 0.10517319795578675
0.4588445804463995 0.10518132858499361

Time 19.0
0.5979365731509033 0.10518833518432152
0.6378581733472756 0.10519011338615998
0.6836590553930457 0.09282416081016139
1.0073596737490564 0.10275577230261687
1.2413516423475446 0.1079658759130028
0.036564654982433255 0.10850340289382095
0.23382457895480382 0.11178024099763431
0.40697401061604677 0.11378810582188255
0.5243944637525878 0.10518404222532916
0.56402870298591 0.10518582042717477

Time 20.0
0.7017672895362708 0.10284149963645572
0.7399059469964089 0.10162110754183826
0.7817045363951481 0.10077497819661231
1.1101154460516216 0.10275577230261687
1.349317518260652 0.1079658759130028
0.14506805787625435 0.10850340289382095
0.34560481995242437 0.11178024099763431
0.5207621164379016 0.11378810582188255
0.6293726464875633 0.10444848366019108
0.6686990212474735 0.1038864029980494

Time 21.0
0.8045144532004785 0.10271733132367016
0.8419069486691446 0.10228870749628709
0.8832213040661292 0.10202184192231253
1.2128712183541868 0.10275577230261687
0.10728339417365314 0.1079658759130028
0.2535714607700658 0.10850340289382095
0.4573850609500409 0.11178024099763431
0.6345502222597564 0.11378810582188255
0.7332320055167142 0.10340255666268719
0.7721472012435443 0.10314203462818981

Time 22.0
0.9072296772896526 0.10271455776858224
0.9443494500800211 0.1025540503761737
0.9854947492439549 0.1024548075698081
1.315626990656752 0.10275577230261687
0.2152492700866496 0.1079658759130028
0.36207486366387726 0.10850340289382095
0.5691653019476918 0.11178024099763431
0.7483383280816113 0.11378810582188255
0.8363863685009858 0.10297407872164888
0.8751341396145446 0.10287497759693397

Time 23.0
1.0099441879935913 0.10271449582180316
1.0469615711651883 0.1026541462708081
1.0880435788034202 0.10261684721920426
0.06838276295935074 0.10275577230261687
0.32321514599964607 0.1079658759130028
0.4705782665576887 0.10850340289382095
0.6809455429453638 0.11178024099763431
0.8621264339034661 0.11378810582188255
0.939266501385182 0.10281213930424482
0.9779510174149274 0.1027748434170864

Time 24.0
1.1126586827642142 0.10271449443825416
1.149637562326543 0.10269179799152647
1.1906957731740386 0.10267777079419858
0.1711385352619714 0.10275577230261687
0.4311810219126425 0.1079658759130028
0.5790816694515002 0.10850340289382095
0.7927257839430358 0.11178024099763431
0.9759145397253209 0.11378810582188255
1.0420432952388614 0.10275121796790687
1.0807040152917917 0.10273719084126072

Time 25.0
1.2153731771789793 0.10271449440732687
1.2523375760525346 0.10270595853475611
1.2933868373365704 0.10270068307487933
0.27389430756459204 0.10275577230261687
0.539146897825639 0.1079658759130028
0.6875850723453116 0.10850340289382095
0.9045060249407079 0.11178024099763431
1.0897026455472634 0.11378810582188255
1.1447812198764356 0.10272830573723753
1.1834329903840897 0.10272303027894693

Time 26.0
1.319793100422775 0.11933571979019149
0.006019175818883177 0.07226499637431538
0.043105860673928666 0.11372056177496899
0.3766500798672127 0.10275577230261687
0.6471127737386354 0.1079658759130028
0.7960884752391231 0.10850340289382095
1.0162862659383638 0.11178024099763431
1.2034334222162637 0.11222743865996586
1.2476091990796252 0.10464547150396923
1.2864142660195093 0.10516638975161838

Time 27.0
0.06945089957125732 0.1029915872570235
0.10555553637307813 0.10377875366362024
0.14611809954633417 0.10391088342939456
0.4794058521698334 0.10275577230261687
0.7550786496516319 0.1079658759130028
0.9045918781329345 0.10850340289382095
1.1280665069359248 0.11178024099763431
1.3150252710641528 0.11378810557084239
0.008550752304782363 0.08048043812403412
0.039035043226412505 0.12241080981011464

Time 28.0
0.17486084465539645 0.10516094994639659
0.21015132486461838 0.1048946297718605
0.25040371668906286 0.10467977079187228
0.5821616244724097 0.10275577230261687
0.8630445255646283 0.1079658759130028
1.013095281026746 0.10850340289382095
1.2398467479334858 0.11178024099763431
0.06964236206500451 0.1033037350553715
0.11047353784720969 0.10425989749618812
0.145564393819761 0.10506159479334036

Time 29.0
0.2797096883991809 0.10467723661977951
0.3150030758708037 0.10477493174827852
0.3552074438355417 0.10481561628761919
0.6849173967749749 0.10275577230261687
0.9710104014776247 0.1079658759130028
1.1215986839205574 0.10850340289382095
0.0016269889310477617 0.11178024099763431
0.17356693764828487 0.10422715572293789
0.21474549191561312 0.10434526281567054
0.2502241201266609 0.10452037466074379

Time 30.0
0.38434033432516757 0.10460262828060164
0.4197191586129627 0.10466898392150462
0.45996726234137875 0.10470616488893258
0.78767316907754 0.10275577230261687
1.0789762773907023 0.1079658759130028
1.2301020868143688 0.10850340289382095
0.11340722992868106 0.11178024099763431
0.27790033222318444 0.1044086738251425
0.31914960199083375 0.10445120869695017
0.3547406461575874 0.10452291824189773

Time 31.0
0.48893026882367213 0.10458045218940862
0.5243582260033556 0.10461520384814381
0.5646343026737491 0.10463518949135947
0.8904289413801052 0.10275577230261687
1.1869421533038098 0.1079658759130028
1.3386054897081803 0.10850340289382095
0.2251874709263239 0.11178024099763431
0.3823516187637588 0.10448463288124189
0.4236307272187951 0.10450498877019625
0.45927277002281125 0.10454011067467936

Time 32.0
0.5935050584523608 0.1045703173536815
0.628958288958236 0.10458798574622337
0.6692489299252425 0.10459818118666381
0.9931847136826704 0.10275577230261687
1.2949080292169173 0.1079658759130028
0.09710889260200085 0.10850340289382095
0.3369677119239466 0.11178024099763431
0.48685705510620675 0.10452198582757652
0.528150856882257 0.10453220687211721
0.5638183020368653 0.104549900868767

Time 33.0
0.6980725627324227 0.1045652634952558
0.7335386120317668 0.1045742109053497
0.7738366520470719 0.10457937632079274
1.0959404859852355 0.10275577230261687
0.052873905129973704 0.1079658759130028
0.20561229549581586 0.10850340289382095
0.4487479529215631 0.11178024099763431
0.5913895166801224 0.10454081452691324
0.6326907264270689 0.10454598171299533
0.6683709992977459 0.10455493089372261

Time 34.0
0.8026364062005041 0.10456271098928155
0.8381089449265744 0.10456723958082866
0.8784107314837524 0.10456985413849051
1.1986962582878007 0.10275577230261687
0.16083978104297078 0.1079658759130028
0.31411569838962733 0.10850340289382095
0.5605281939192097 0.11178024099763431
0.6959356292447474 0.10455033835740433
0.7372405861506036 0.10455295303751404
0.7729273490650426 0.10455748175151028

Time 35.0
0.9071983987786859 0.10456141954878183
0.942674221880739 0.1045637114554553
0.9829779046642564 0.10456503468659968
1.3014520305903658 0.10275577230261687
0.26880565695596725 0.1079658759130028
0.42261910128343877 0.10850340289382095
0.6723084349168817 0.11178024099763431
0.8004886486399138 0.10455515792327531
0.8417955018147802 0.10455648116288968
0.8774855491478742 0.10455877307802759

Time 36.0
1.011759454763424 0.10456076598712831
1.0472369400682877 0.10456192590256447
1.0875415825244203 0.10456259557994123
0.054207802892957554 0.10275577230261687
0.3767715328689637 0.1079658759130028
0.5311225041772503 0.10850340289382095
0.7840886759145538 0.11178024099763431
0.9050451633951405 0.10455759703781896
0.946352976245574 0.10455826671577612
0.9820446857844297 0.10455942663180025

Time 37.0
1.1163200367552237 0.10456043522710372
1.1517983632867979 0.10456102225012844
1.192103491425356 0.10456136116801623
0.15696357519557766 0.10275577230261687
0.48473740878196014 0.1079658759130028
0.6396259070710617 0.10850340289382095
0.8958689169122258 0.11178024099763431
1.009603447112343 0.1045588314502855
1.0509117456454053 0.1045591703682199
1.0866042964111766 0.10455975739127554

Time 38.0
1.22088037886401 0.10456026783252362
1.2563591311329907 0.10456056491965403
1.296664505071152 0.10456073644299672
0.2597193474981983 0.10275577230261687
0.5927032846949566 0.1079658759130028
0.7481293099648731 0.10850340289382095
1.0076491579098903 0.11178024099763431
1.114162626084876 0.10455945617534558
1.1554711704175564 0.10455962769868019
1.191164146920744 0.10455992478582926

Time 39.0
1.3285122824747857 0.12275829450821867
0.01005792705353501 0.07356857118246043
0.048426008670416826 0.11181302020177547
0.362475119800819 0.10275577230261687
0.700669160607953 0.1079658759130028
0.8566327128586846 0.10850340289382095
1.1194293989074513 0.11178024099763431
1.2187345437243746 0.10469096059054869
1.2601073137569045 0.10528601506594507
1.2962244606663482 0.10924371630608096

Time 40.0
0.07795515243251276 0.10733994662498829
0.11286981073413 0.10506545996728359
0.15287047114577634 0.10534766065317008
0.46523089210343965 0.10275577230261687
0.8086350365209495 0.1079658759130028
0.965136115752496 0.10850340289382095
1.2312096399050123 0.11178024099763431
1.3283900192733535 0.11378810572956245
0.017345968265878087 0.08604212447549033
0.04999169234974624 0.10977728040453469

Time 41.0
0.18380478414108264 0.1053919131820043
0.21847280710606207 0.10557438102656157
0.25836906684989863 0.10558350964519071
0.5679866644060236 0.10275577230261687
0.9166009124339459 0.1079658759130028
1.0736395186463075 0.10850340289382095
1.3429898809025733 0.11178024099763431
0.0801999907534797 0.10251323405148825
0.12071671655402555 0.103559063404392
0.15522032665187668 0.1047384765453925

Time 42.0
0.2888155457901732 0.10479414493766566
0.3238015450012366 0.10510382255395026
0.36382792175826933 0.10526815655569122
0.6707424367085888 0.10275577230261687
1.0245667883469676 0.1079658759130028
1.182142921540119 0.10850340289382095
0.10477012190020221 0.11178024099763431
0.18350630494414485 0.10378171795670631
0.22450952694586032 0.10401637081531953
0.2596834254717709 0.10439636503569648

Time 43.0
0.39353225028033606 0.10466328533400462
0.4287560889103763 0.10483537233875212
0.46891467289710004 0.10493370040094778
0.773498209011154 0.10275577230261687
1.132532664260075 0.1079658759130028
1.2906463244339303 0.10850340289382095
0.216550362897844 0.11178024099763431
0.2875152418411937 0.10418162944072049
0.32867517573188315 0.1042848202796343
0.3641114181055932 0.10446177006097003

Time 44.0
0.4981662685177807 0.10461125729860399
0.5335158290024471 0.10469941136486806
0.5737466406332407 0.10475023607760892
0.8762539813137191 0.10275577230261687
1.2404985401731825 0.1079658759130028
0.04914972732774565 0.10850340289382095
0.3283306038954688 0.11178024099763431
0.3918017721276798 0.10436962025859448
0.43303562825815967 0.10442078125347592
0.46859928708220355 0.10450927160187802

Time 45.0
0.6027634058943767 0.10458591496503114
0.6381769633076462 0.10463060242133017
0.6784446988181421 0.1046563978218285
0.9790097536162843 0.10275577230261687
1.34846441608629 0.1079658759130028
0.15765313022156593 0.10850340289382095
0.44011084489308533 0.11178024099763431
0.4962237893724634 0.10446377154114173
0.5374946865713035 0.10448959019701537
0.5731224595126089 0.10453430090868249

Time 46.0
0.7073422227566373 0.10457315782081388
0.7427881940485856 0.10459577882577795
0.7830746420080662 0.10460883872921467
1.0817655259188494 0.10275577230261687
0.10643029199929195 0.1079658759130028
0.2661565331153774 0.10850340289382095
0.5518910858907277 0.11178024099763431
0.6007140306967756 0.10451135228092022
0.6420036484487068 0.10452441379256568
0.6776638433727968 0.10454703640573701

Time 47.0
0.8119189513147704 0.10463541386466832
0.847375055912098 0.10458931192348443
0.8876701828074985 0.1045862718308522
1.1845212982214146 0.10275577230261687
0.2143961679122884 0.1079658759130028
0.37465993600918884 0.10850340289382095
0.6625799405459951 0.10805034086875004
0.7060571625293847 0.106848619324429
0.7467575641223164 0.1055642866554035
0.7822596288429192 0.10486657438507621

Time 48.0
0.9168098819390093 0.10511122915317614
0.9520849637077609 0.10486608099616186
0.9923119886445073 0.10474965092581505
1.2872770705239798 0.10275577230261687
0.3223620438252849 0.1079658759130028
0.4831633389030003 0.10850340289382095
0.7697363221905971 0.10662639653294882
0.8126683422004494 0.10636460555924274
0.8526269496874866 0.10593834405389274
0.8875208565578467 0.10548451163142639

Time 49.0
1.0220453874700595 0.10532999039512066
1.0570968365562503 0.10514015398316293
1.0972088741419979 0.10503786574800453
0.040032842826564774 0.10275577230261687
0.43032791973828133 0.1079658759130028
0.5916667417968118 0.10850340289382095
0.8761066237664021 0.10617195637729003
0.9188603222606606 0.1060495390994453
0.9585163406591435 0.10583460226983737
0.9930657389258059 0.10557671097980287

Time 50.0
1.1274344360156658 0.10543739373607651
1.1623321866026368 0.10531653958148772
1.2023602707117602 0.10524989959365764
0.14278861512918392 0.10275577230261687
0.5382937956512778 0.1079658759130028
0.7001701446906232 0.10850340289382095
0.9821499699471233 0.10593689534823514
1.0248109410300275 0.10586746629245994
1.0643023200234731 0.10574313422709566
1.0986508183023045 0.10558949007365107

Time 51.0
1.2329051872062957 0.10549875877688411
1.2677072740412776 0.10542473290519541
1.3076824558712168 0.10538371114902317
0.2455443874318046 0.10275577230261687
0.6462596715642742 0.1079658759130028
0.8086735475844347 0.10850340289382095
1.088012490337697 0.10579989315503528
1.1306193434281822 0.10575848494631028
1.1700135427000413 0.10568397717618017
1.2042414679009354 0.10559126074403521

Time 52.0
1.3437584706349195 0.12157981547466394
0.018992583363852546 0.0820889163756735
0.060415798610147974 0.10322968299104841
0.34830015973442524 0.10275577230261687
0.7542255474772707 0.1079658759130028
0.9171769504782461 0.10850340289382095
1.1937734467620236 0.10577850548428319
1.236377770232032 0.10603258200135772
1.2759063532491952 0.10751617706558132
1.3110981574861373 0.1129151394600556

Time 53.0
0.09213608411928002 0.10710841241344904
0.12607550515389815 0.10664674302060362
0.16568699002156329 0.10627511425144429
0.4510559320370459 0.10275577230261687
0.8621914233902671 0.1079658759130028
1.0256803533720575 0.10850340289382095
1.3023841388066593 0.11178021103056572
1.347787081489761 0.11378813565600802
0.03053888221029538 0.09112088549041052
0.0648547173895114 0.1024213169901826

Time 54.0
0.1983331108016829 0.10622913788837095
0.2324307761267746 0.1062693234021872
0.2720384896201154 0.10630728516922594
0.5538117043396376 0.10275577230261687
0.9701572993032636 0.1079658759130028
1.134183756265869 0.10850340289382095
0.05788263458474158 0.10343314643486146
0.09957966690430736 0.10480177329145954
0.1376732840835089 0.10589868940223911
0.17066625592249304 0.1062014632643194

Time 55.0
0.3044427896735185 0.10595653675715218
0.3386471765057634 0.10612114812757589
0.37830025618826313 0.10619589586150706
0.6565674766422027 0.10275577230261687
1.0781231752163403 0.1079658759130028
1.2426871591596804 0.10850340289382095
0.1622184188745458 0.10480708304653658
0.20443435137008142 0.10501760124257745
0.24314508226770404 0.10535116765981338
0.2765569620164091 0.10569138615750101

Time 56.0
0.41030217474579 0.10578631938659352
0.4446641859809785 0.10592396571606148
0.48439662476039286 0.1059975184942517
0.7593232489447679 0.10275577230261687
1.1860890511294477 0.1079658759130028
0.0011905620534918679 0.10850340289382095
0.26722665852373145 0.10516062790992481
0.3095810684663494 0.10525296463763681
0.3485230963425882 0.10541403396312961
0.38219204692911696 0.10560538874506575

Time 57.0
0.5160439215587345 0.10570554309711487
0.5505182818224821 0.10579438131105617
0.5903118218595984 0.10584328276454116
0.862079021247333 0.10275577230261687
1.2940549270425552 0.1079658759130028
0.10969396494731405 0.10850340289382095
0.37248367951794714 0.10533635201217692
0.4149073783258906 0.1053878561482135
0.4539719649827031 0.10547993985408599
0.4877896265342575 0.10559346366547506

Time 58.0
0.621724709537676 0.10566004702878563
0.6562695115491369 0.10571462322935771
0.6961019692811922 0.10574485521277249
0.9648347935498982 0.10275577230261687
0.05202080295561246 0.1079658759130028
0.21819736784112745 0.10850340289382095
0.4778751166368653 0.10543775698059658
0.5203388676103499 0.10546834959104816
0.5594753106765609 0.10552337548617205
0.5933820081624941 0.10559181132393103

Time 59.0
0.7273700747528089 0.10563296637313592
0.7619578808566253 0.10566613372658702
0.8018141798557951 0.10568453252464845
1.0675905658524634 0.10275577230261687
0.1599866788686096 0.1079658759130028
0.3267007707349389 0.10850340289382095
0.5833457884144126 0.10549849221882826
0.6258335378469748 0.10551694098527035
0.6650131810207097 0.10555017064829265
0.6989736695596124 0.10559158237590116

Time 60.0
0.8329941905452543 0.10561662758475181
0.8676080943495327 0.1056367349465444
0.9074788731258745 0.10564789262432346
1.1703463381550285 0.10275577230261687
0.26795255478160607 0.1079658759130028
0.43520417362875036 0.10850340289382095
0.6888641573209392 0.10553518928198741
0.7313664083111501 0.10554635388337574
0.7705721763451615 0.1055664698787645
0.8045652311616882 0.1055915506529165

Time 61.0
0.938605462494034 0.10560673877721531
0.9732351826478958 0.10561892184749877
1.0131147383713333 0.1056256827937083
1.2731021104575937 0.10275577230261687
0.3759184306946025 0.1079658759130028
0.5437075765225619 0.10850340289382095
0.7944113791685175 0.10555740703307265
0.8369224101237225 0.10556416893860944
0.876143998270572 0.10557635320516659
0.9101567789361861 0.10559154625739262

Time 62.0
1.0442089576619096 0.10560074941143201
1.0788482602501674 0.10560813020310017
1.118733133759105 0.10561222621299197
0.025857882760171813 0.10275577230261687
0.48388430660759896 0.1079658759130028
0.6522109794163733 0.10850340289382095
0.8999760743261976 0.10557086471124771
0.9424924234850618 0.10557496085405202
0.9817235945877406 0.10558234181143064
1.0157483247947254 0.10559154564840917

Time 63.0
1.1498077422088357 0.10559712122709694
1.1844528499641112 0.10560159255435383
1.2243409450887774 0.10560407395094357
0.12861365506279018 0.10275577230261687
0.5918501825205954 0.1079658759130028
0.7607143823101847 0.10850340289382095
1.0055513540203422 0.10557901712535793
1.0480709248528755 0.10558149854038346
1.0873079011948334 0.10558596989058891
1.1213398703878292 0.10559154556393902

Time 64.0
1.25540367313576 0.10559492329511685
1.2900522976820046 0.10559763203356322
1.3299423444771783 0.10559913526959008
0.23136942736541086 0.10275577230261687
0.6998160584335918 0.1079658759130028
0.8692177852039962 0.10850340289382095
1.1111330457220459 0.10558395582778277
1.1536545682331152 0.10558545906636789
1.1928950613760487 0.1055881678079849
1.2269314159441254 0.1055915455522578

Time 65.0
0.009284872139048234 0.05769634767353083
0.04275598902160585 0.11155571728670378
0.08212877687014242 0.10624804953514627
0.3341251996680315 0.10275577230261687
0.8077819343465883 0.1079658759130028
0.9777211880978076 0.10850340289382095
1.2167611464697294 0.10594871009518514
1.259457529537386 0.1073951535167039
1.2997383147099832 0.1152162010380487
1.3390265966750357 0.13508063970734507

Time 66.0
0.11486876913133552 0.10588398331579985
0.1488494449767996 0.10642554299414934
0.18838772158298295 0.10647899561825838
0.4368809719706522 0.10275577230261687
0.9157478102595847 0.1079658759130028
1.086224590991619 0.10850340289382095
1.3265891784848876 0.11178024099457393
0.01775868862436982 0.09226041830366867
0.054627281062992715 0.10935884750499024
0.08721296041222064 0.10695279012122333

Time 67.0
0.22111434372861574 0.10623009619757473
0.25518855460924933 0.1063012273533193
0.29478486916610347 0.10633545658773529
0.5396367442732515 0.10275577230261687
1.0237136861726055 0.1079658759130028
1.1947279938854305 0.10850340289382095
0.08027815260317492 0.10396004385324444
0.12216925674876412 0.10471172042810464
0.16043163275698746 0.10555727439239666
0.1934680535153488 0.10604500004028876

Time 68.0
0.3271792318177959 0.10592002414971557
0.36139859799644375 0.10609710459247819
0.4010570057749146 0.10618330179080987
0.6423925165758166 0.10275577230261687
1.131679562085713 0.1079658759130028
1.303231396779242 0.10850340289382095
0.18481095043716722 0.10488080024612818
0.22705549699648186 0.10505662757675886
0.2658102070618832 0.10534540420599561
0.2992641918962228 0.1056575562907774

Time 69.0
0.4330157359570073 0.10577240454781368
0.46739338186201884 0.10590516139931684
0.507134008823892 0.10597694715727064
0.7451482888783818 0.10275577230261687
1.2396454379988204 0.1079658759130028
0.06173479967305804 0.10850340289382095
0.2898651780800337 0.10518965920841128
0.3322309996610877 0.10527385832523957
0.3711926817689325 0.10542209434018297
0.4048845146806004 0.10560069387442857

Time 70.0
0.5387475442600628 0.10569845935205631
0.5732323122735833 0.10578249180358308
0.6130315595025413 0.10582886173376423
0.847904061180947 0.10275577230261687
1.347611313911928 0.1079658759130028
0.17023820256687752 0.10850340289382095
0.395143533054284 0.10535194524763525
0.4375733856935236 0.10540003516628904
0.47664893705038314 0.10548621240834612
0.5104800478518552 0.1055928131409898

Time 71.0
0.6444229026808262 0.10565594491682025
0.6789741397925965 0.10570735279519537
0.7188101592074386 0.10573584532034813
0.9506598334835121 0.10275577230261687
0.10557718982493076 0.1079658759130028
0.278741605460689 0.10850340289382095
0.5005470288364807 0.10544692929341068
0.5430144033790041 0.105475660139726
0.5821573587164163 0.10552736519974353
0.6160721459261352 0.10559172118741958

Time 72.0
0.7500650612059957 0.10563050756578556
0.7846567837261319 0.1056617199194587
0.8245152548519571 0.10567903638400938
1.0534156057860773 0.10275577230261687
0.21354306573792722 0.1079658759130028
0.38724500835450043 0.10850340289382095
0.6060248863407433 0.10550401086439432
0.648514816474904 0.10552136035066191
0.6876983867577395 0.10555261388174791
0.7216637680340888 0.10559156988660583

Time 73.0
0.855687245828374 0.1056151416759401
0.8903035246983416 0.10563405976066993
0.9301756213537412 0.10564455780105247
1.1561713780886425 0.10275577230261687
0.3215089416509237 0.1079658759130028
0.49574841124831187 0.10850340289382095
0.7115475918251294 0.10553852722353406
0.7540511618825404 0.10554902983940415
0.7932593064638301 0.10556795362966487
0.8272553241922681 0.10559154892239817

Time 74.0
0.9612973494589354 0.10560583911678632
0.9959285087753179 0.10561730103817425
1.0358088631483504 0.10562366182703357
1.2589271503912076 0.10275577230261687
0.42947481756392014 0.1079658759130028
0.6042518141421234 0.10850340289382095
0.8170974384827703 0.10555942843181383
0.8596092682521972 0.10556578985465238
0.8988322957668594 0.1055772525665939
0.9328468712124615 0.1055915460176094

Time 75.0
1.0669001370785876 0.10560020446643187
1.1015403115604299 0.10560714829079522
1.1414256689302942 0.10561100180907085
0.011682922693778556 0.10275577230261687
0.5374406934769166 0.1079658759130028
0.7127552170359348 0.10850340289382095
0.9226637234346109 0.10557208917502411
0.9651805564772079 0.10557594278115154
1.0044125995019162 0.10558288671507843
1.0384384169664986 0.1055915456151117

Time 76.0
1.1724984930227782 0.10559679110868953
1.2071441289784208 0.10560099770775466
1.2470325172316847 0.10560333219225053
0.11443869499639646 0.10275577230261687
0.645406569389913 0.1079658759130028
0.8212586199297462 0.10850340289382095
1.0282399661831296 0.10557975889235723
1.0707598301474253 0.10558209338901482
1.1099973346936887 0.10558630000325868
1.1440299625451051 0.10559154555933828

Time 77.0
1.278094521843323 0.10565662027010758
1.3128457984233648 0.11349595585105998
0.0025302856724948135 0.09763798722747595
0.21719446729901712 0.10275577230261687
0.7533724453029095 0.1079658759130028
0.9297620228235577 0.10850340289382095
1.1338222412977235 0.10558440518879397
1.176343941387477 0.10558581942561875
1.215584754516218 0.10558836787531875
1.2496215085142952 0.10559166301428866

Time 78.0
0.031017074500994266 0.12432682864532174
0.06493547350492099 0.10629200609908196
0.10497031823172781 0.10528752110417741
0.31995023960163776 0.10275577230261687
0.8613383212159059 0.1079658759130028
1.0382654257173691 0.10850340289382095
1.2396469294896117 0.1073397071085644
1.282977584732558 0.11215908483406775
1.3258788196827218 0.12462837815617007
0.008557670365023456 0.05910729290528035

Time 79.0
0.137692555989446 0.10639517310157413
0.1717044870776249 0.10635717983511064
0.21126443288580268 0.10642931373958346
0.42270601190425844 0.10275577230261687
0.9693041971289024 0.1079658759130028
1.1467688286111806 0.10850340289382095
6.05559457760503E-4 0.10930787532646867
0.03836743543484591 0.10077791329681234
0.07731245810532072 0.10358757407663079
0.11017776040942129 0.10628578947648365

Time 80.0
0.24393459426758857 0.10615947591993558
0.27802877751907895 0.10627347850724075
0.3176331008424276 0.10631580890657383
0.5254617842068654 0.10275577230261687
1.0772700730419782 0.1079658759130028
1.255272231504992 0.10850340289382095
0.10265664741484323 0.10429993896753052
0.14467657851617893 0.10477939176557284
0.18309670518602633 0.10541425740159774
0.21623910446674188 0.10589846738421248

Time 81.0
0.34993526754629223 0.10587733612205812
0.3841923084352308 0.10604940149115767
0.4238694498294044 0.10613655100667363
0.6282175565094306 0.10275577230261687
1.1852359489550857 0.1079658759130028
0.013775634398804514 0.10850340289382095
0.207357856215666 0.10496873624383563
0.24963682828369144 0.10511447950061863
0.2884487729332792 0.10535959575396615
0.3219658438219884 0.10563471873435383

Time 82.0
0.4557425627129969 0.10575253308187944
0.4901475158822542 0.10587359557997787
0.5299029657010313 0.10593953914781942
0.7309733288119957 0.10275577230261687
1.2932018248681931 0.1079658759130028
0.12227903729262725 0.10850340289382095
0.31247351894623127 0.10523277194836907
0.3548563370295238 0.10530683308299534
0.3938480368885155 0.10543801801282222
0.427576208757661 0.10559752799880029

Time 83.0
0.5614594256011342 0.10568733476069339
0.5959613684820716 0.1057630361679905
0.6357701007065917 0.10580487419457955
0.8337291011145609 0.10275577230261687
0.05116770078125122 0.1079658759130028
0.23078244018643904 0.10850340289382095
0.41778477619834475 0.1053767232317287
0.46022441501252953 0.1054196860256514
0.4993175168013555 0.10549678999485795
0.5331703619688496 0.10559237447716228

Time 84.0
0.6671261301036882 0.10564933330945961
0.7016878594866821 0.10569552089908821
0.7415296952471305 0.10572112908023938
0.936484873417126 0.10275577230261687
0.1591335766942484 0.1079658759130028
0.3392858430802505 0.10850340289382095
0.5232076216880845 0.10546175505736483
0.5656808543075531 0.10548751908599369
0.6048343539543184 0.10553390101425164
0.6387622688360911 0.10559166040626644

Time 85.0
0.7727631017558836 0.10562651995487349
0.8073611926579692 0.10565454582870025
0.8472231970787439 0.10567009569003025
1.0392406457196912 0.10275577230261687
0.2670994526072449 0.1079658759130028
0.44778924597406194 0.10850340289382095
0.6286971207450694 0.1055129667339677
0.6711905899564621 0.10552853818948979
0.71038053583164 0.10555659099081972
0.7443538644504457 0.10559156146478256

Time 86.0
0.8783821518848999 0.10561272843199343
0.9130022904094325 0.10562971281601702
0.9528765288881424 0.10563913797731428
1.1419964180222564 0.10275577230261687
0.3750653285202413 0.1079658759130028
0.5562926488678734 0.10850340289382095
0.73422686753666 0.10554394915000713
0.7767325802185759 0.1055533773033721
0.815944585453498 0.1055703654184871
0.8499454169376787 0.10559154775547257

Time 87.0
0.983990357706688 0.10560437751192203
1.0186238554378053 0.10561466753486463
1.0585055075160181 0.10562037800291763
1.2447521903248215 0.10275577230261687
0.48303120443323777 0.1079658759130028
0.6647960517616849 0.10850340289382095
0.8397809782775822 0.10556271254728106
0.8822941058632032 0.10556842342992508
0.9215194719310311 0.10557871396982937
0.9555369634492281 0.10559154585592376

Time 88.0
1.089591995780691 0.10559931907233082
1.124233586908092 0.1056055528959002
1.1641197304545574 0.10560901239815625
1.3475079626273867 0.10275577230261687
0.5909970803462342 0.1079658759130028
0.7732994546554963 0.10850340289382095
0.9453498461998223 0.10557407862631743
0.9878674654344073 0.10557753818602106
1.0271009251238596 0.1055837720812521
1.0611285091327936 0.10559154559268576

Time 89.0
1.195189655349877 0.10559625474287307
1.2298361495148347 0.1056000312141289
1.2697250140380107 0.10560212699633946
0.10026373493000272 0.10275577230261687
0.6989629562592307 0.1079658759130028
0.8818028575493078 0.10850340289382095
1.0509276536838825 0.10558096409385336
1.093447993920218 0.10558305988402161
1.1326863566784509 0.10558683636521277
1.166720054701627 0.10559154555623453

Time 90.0
1.3012086514013212 0.10907958617466869
1.337696535691604 0.11411073985343148
0.022585991959225327 0.09282456950505974
0.20301950723262338 0.10275577230261687
0.8069288321722271 0.1079658759130028
0.9903062604431192 0.10850340289382095
1.1565108838285758 0.105585394291549
1.1990330545251893 0.10559176123555564
1.238277887079557 0.10566572719841158
1.2723606922540782 0.10628304059398742

Time 91.0
0.05435362409118985 0.10009460008272894
0.08817916880453593 0.10721732769843141
0.1277049277669108 0.10643079906214382
0.305775279535244 0.10275577230261687
0.9148947080852236 0.1079658759130028
1.0988096633369306 0.10850340289382095
1.262998585669154 0.10999958418240267
1.3073998695019533 0.11485173054329835
0.0018302506003984639 0.09184245516759137
0.024348089158084743 0.1087043221160671

Time 92.0
0.1605384371012418 0.10621587240769796
0.19456218903768452 0.10636349073016449
0.23413139979290337 0.10640338027821888
0.4085310518378647 0.10275577230261687
1.0228605839982434 0.1079658759130028
1.207313066230742 0.10850340289382095
0.021694447816781297 0.099934354760647
0.0621733630210212 0.10761558639238203
0.0999215955087593 0.1066882387293012
0.13293390216649179 0.1059198955542522

Time 93.0
0.26673834818604314 0.10608148628215323
0.30086106307051036 0.1062305280552294
0.3404762558146841 0.10628962262799156
0.5112868241404793 0.10275577230261687
1.130826459911351 0.1079658759130028
1.3158164691245535 0.10850340289382095
0.12509469181313598 0.10452517504310471
0.1672010926927157 0.1048636040225888
0.20574142411785307 0.10535607480715184
0.23898327760260618 0.10579432801444402

Time 94.0
0.3726828864726901 0.1058419402499736
0.40697601917241044 0.10600513579507433
0.44667170523412314 0.10609007344673826
0.6140425964430445 0.10275577230261687
1.2387923358244584 0.1079658759130028
0.07431987201837119 0.10850340289382095
0.22992215642537656 0.10504215023534391
0.2722299364752021 0.10516539327532806
0.3110907695421791 0.10537635196210647
0.34466349882822833 0.10561977388809894

Time 95.0
0.4784653619452045 0.10573518178773186
0.512895135417218 0.10584510943512405
0.552664141752804 0.10590530093115334
0.7167983687456096 0.10275577230261687
1.3467582117375658 0.1079658759130028
0.1828232749121891 0.10850340289382095
0.3350906388669866 0.10527074208940887
0.377488435424019 0.10533624093428066
0.41650672873614525 0.10545278673572656
0.4502673488604958 0.10559545693923834

Time 96.0
0.5841690272290828 0.1056774232418141
0.6186864200709192 0.10574556238434833
0.6585036960533764 0.1057832635603168
0.8195541410481748 0.10275577230261687
0.10472408765056958 0.1079658759130028
0.2913266778060006 0.10850340289382095
0.4404311035139379 0.10539885096027585
0.48287948311198325 0.10543728752103115
0.5219882805490144 0.10550634367338846
0.5558605993272221 0.10559208751148898

Time 97.0
0.6898279988201932 0.10564341245864599
0.7243991451917444 0.1056849054131649
0.7642462027828991 0.10570791657561131
0.92230991335074 0.10275577230261687
0.21268996356356604 0.1079658759130028
0.399830080699812 0.10850340289382095
0.5458712622084043 0.10547503921044792
0.5883497439584415 0.10549815226762098
0.6275126946361355 0.10553977228279607
0.6614523811103918 0.10559162064437651

Time 98.0
0.7954603222987164 0.1056229446823142
0.8300641259717276 0.10564811082584044
0.8699293001586964 0.10566207480776124
1.0250656856533051 0.10275577230261687
0.3206558394765625 0.1079658759130028
0.5083334835936235 0.10850340289382095
0.651371196951702 0.10552099754382982
0.6938678397119514 0.10553497564425494
0.7330635030749546 0.1055601593932772
0.7670439593931287 0.10559155595538582

Time 99.0
0.9010765616099066 0.10561056413445227
0.9357001620368719 0.10562581391414493
0.975576321645782 0.10563427660215084
1.1278214579558703 0.10275577230261687
0.42862171538955895 0.1079658759130028
0.616836886487435 0.10850340289382095
0.7569072583928914 0.10554881190072983
0.7994148927291298 0.1055572765449963
0.8386303605200612 0.10557252876409229
0.8726355094788963 0.10559154699209725

Time 100.0
1.0066830653359577 0.10560306660142312
1.041318660442587 0.10561230549809945
1.081201476465208 0.10561743265722556
1.2305772302584355 0.10275577230261687
0.5365875913025554 0.1079658759130028
0.7253402893812464 0.10850340289382095
0.8624651935418471 0.10556565808358459
0.9049794851445049 0.10557078551375042
0.9442069486784038 0.10558002474845718
0.9782270556577064 0.10559154575012339

Time 101.0
1.1122836723761524 0.10559852495266168
1.1469265341162038 0.10560412196146234
1.1868133827979481 0.10560722806121316
1.3333330025610006 0.10275577230261687
0.6445534672155518 0.1079658759130028
0.8338436922750578 0.10850340289382095
0.9680363781529722 0.10557586298966423
1.0105547025328951 0.10557896912699599
1.0497894328475492 0.10558456618262775
1.0838186012951594 0.10559154557803847

Time 102.0
1.217880707357793 0.10559577366892223
1.252527971263684 0.10559916435154941
1.2924172629606354 0.10560104603765245
0.08608877486360898 0.10275577230261687
0.7525193431285483 0.1079658759130028
0.9423470951688693 0.10850340289382095
1.073615589069307 0.10558204505620167
1.1161363564808129 0.10558392674750183
1.1553754889817167 0.10558731743662912
1.1894101468576046 0.10559154555420686

Time 103.0
1.3262571481840761 0.12636669067679743
0.008071589597845262 0.06951150138191013
0.04481039348235554 0.11602165870222682
0.18884454716622964 0.10275577230261687
0.8604852190415447 0.1079658759130028
1.0508504980626807 0.10850340289382095
1.1792006327114444 0.10559997177247987
1.22173013222435 0.10567973924786495
1.261024456353971 0.1061777104163751
1.2954099892701723 0.10978354665500942

Time 104.0
0.07690346177188359 0.10839405237616533
0.1109807585860493 0.10615404052708116
0.15058189830432406 0.10634196500728306
0.2916003194688503 0.10275577230261687
0.9684510949545412 0.1079658759130028
1.1593539009564922 0.10850340289382095
1.2868712117413437 0.1117640809430193
1.3319837835045134 0.11380420500031496
0.018193765779029543 0.08424106989760405
0.05013028098973337 0.10844140510119586

Time 105.0
0.18336056455077338 0.10622695875332668
0.2174126975339964 0.10631779050386554
0.25699333186982637 0.10637609946723466
0.39435609177147096 0.10275577230261687
1.0764169708676161 0.1079658759130028
1.2678573038503036 0.10850340289382095
0.04352039339575214 0.10266081236604886
0.08493688633787083 0.10504853421047786
0.12282158578662293 0.10626064976927078
0.15574052005469105 0.10624997378243924

Time 106.0
0.28952605240976526 0.10601140637380284
0.3236832428057145 0.1061806863119532
0.3633128172568232 0.10625458603530437
0.49711186407409164 0.10275577230261687
1.1843828467807236 0.1079658759130028
0.02636070674411728 0.10850340289382095
0.14757388081878547 0.10468824508503254
0.18974339832869722 0.10494347043349422
0.2283784512237194 0.10533786956432248
0.2617089555386916 0.10572455504875414

Time 107.0
0.3954235294145808 0.1058122109936488
0.4297505995155407 0.10596448226657187
0.4694641238883313 0.10604523620309779
0.5998676363766584 0.10275577230261687
1.292348722693831 0.1079658759130028
0.13486410963793918 0.10850340289382095
0.25250101166437194 0.10510459755493483
0.2948333398779579 0.10521039518850893
0.33373647708467546 0.10539389485490243
0.3673585357894002 0.10561000179099905

Time 108.0
0.5011846611195157 0.10571991525654095
0.535636935283655 0.10581941961091218
0.5754182858924586 0.10587410740722077
0.7026234086792236 0.10275577230261687
0.050314598606889874 0.1079658759130028
0.24336751253175062 0.10850340289382095
0.35771544442249453 0.1053043755840052
0.40012651494289686 0.1053625333809256
0.439168468251625 0.10546636475493429
0.47295812617487265 0.10559410285812462

Time 109.0
0.6068766137269134 0.10566856788653424
0.6414079081675447 0.10572985808523665
0.6812328791252128 0.10576379755914458
0.8053791809817887 0.10275577230261687
0.1582804745198871 0.1079658759130028
0.3518709154255621 0.10850340289382095
0.4630819336840987 0.10541865504312589
0.5055381370749753 0.10545307531942245
0.5446609967437452 0.105514965068888
0.5785507864176958 0.1055918998903119

Time 110.0
0.7125286614072883 0.1056381025186047
0.747108266901628 0.10567537222321319
0.7869600162033076 0.10569604509034539
0.9081349532843539 0.10275577230261687
0.2662463504328836 0.1079658759130028
0.46037431831937353 0.10850340289382095
0.5685376093947692 0.10548695754022172
0.6110208007042665 0.10550769702722501
0.6501922327620133 0.10554504980542134
0.684142486419585 0.10559159464763232

Time 111.0
0.8181568141965323 0.10561973549020823
0.8527657476115462 0.10564233290994104
0.8926337682097182 0.10565487211034551
1.010890725586919 0.10275577230261687
0.37421222634588003 0.1079658759130028
0.568877721213185 0.10850340289382095
0.6740469099262798 0.10552820673200745
0.7165464015708763 0.1055407551632443
0.7557471977598427 0.10556336409363393
0.789734053370727 0.10559155235328324

Time 112.0
0.9237705302024185 0.10560862105307907
0.9583972389510177 0.10562231327428492
0.9982751234955259 0.10562991168683947
1.1136464978894842 0.10275577230261687
0.4821781022588765 0.1079658759130028
0.6773811241069965 0.10850340289382095
0.7795886403979754 0.1055531777154037
0.8220980000124922 0.1055607774069718
0.8613165765523677 0.10557447122309778
0.8953256018863937 0.10559154649298692

Time 113.0
1.02937550576582 0.1056018896267845
1.0640129839956158 0.10561018475623415
1.1038968450654407 0.10561478817848079
1.2164022701920494 0.10275577230261687
0.5901439781718729 0.1079658759130028
0.7858845270008079 0.10850340289382095
0.8851500091884618 0.10556830268693962
0.9276653458858032 0.10557290628640317
0.9668946926020766 0.1055812016368066
1.0009171478476384 0.10559154568101471

Time 114.0
1.1349751871074327 0.10559781196078549
1.1696191896585946 0.10560283720742608
1.20950667144173 0.10560562600509892
1.3191580424946145 0.10275577230261687
0.6981098540848694 0.1079658759130028
0.8943879298946193 0.10850340289382095
0.9907232738103511 0.10557746506305245
1.0332422312982463 0.10558025388529425
1.0724781024322176 0.10558527916254412
1.1065086934549584 0.10559154556846234

Time 115.0
1.2405716613090305 0.10559534174075584
1.2752196163209775 0.10559838604568388
1.3151092915527116 0.10560007550695291
0.07191381479721524 0.10275577230261687
0.8060757299978658 0.1079658759130028
1.0028913327884308 0.10850340289382095
1.0963037447859187 0.10558301558929732
1.1388248957331202 0.10558470505395898
1.1780647193412197 0.10558774936312956
1.212100239013226 0.10559154555288529

Time 116.0
0.002090042778967109 0.07037440346605862
0.02539883255553011 0.11777770369739193
0.06768421090979976 0.09984949734669121
0.1746695870998359 0.10275577230261687
0.9140416059108623 0.1079658759130028
1.1113947356822422 0.10850340289382095
1.2019005333094699 0.1057045544318065
1.244479998897863 0.10616831042374547
1.284047324172515 0.1082876282990018
1.31973404428472 0.13097872118796824

Time 117.0
0.09999812259670056 0.1062060556224052
0.13388257354817898 0.10669831484922362
0.17343556353842055 0.10642308296775152
0.27742535940245655 0.10275577230261687
1.0220074818238813 0.1079658759130028
1.2198981385760537 0.10850340289382095
1.3108915021312015 0.11178023962564211
0.005366374968822398 0.08561876451686429
0.03846602327220681 0.1198789068383038
0.0724356457059944 0.10253545443247317

Time 118.0
0.2061917973869456 0.10625487481923261
0.2402576332940527 0.10630840287816971
0.27984895260073833 0.10634838363958041
0.3801811317050772 0.10275577230261687
1.1299733577369888 0.1079658759130028
1.328401541469865 0.10850340289382095
0.06569747125464051 0.10361990075629264
0.10746169536884861 0.10471438697346466
0.14559346684983332 0.10573945064149123
0.17856560785912362 0.10615541914443234

Time 119.0
0.3122998941066884 0.10595259502926968
0.3464944966260242 0.10612956448838733
0.3861410585356063 0.10621271110018017
0.4829369040076979 0.10275577230261687
1.2379392336500963 0.1079658759130028
0.08690494436368439 0.10850340289382095
0.17008375365176043 0.10481340353122623
0.21230198181254584 0.10501483855118901
0.2510138987049776 0.10533911093164712
0.2844223600292427 0.10567859522076417

Time 120.0
0.41815827621705914 0.10578691764807092
0.4525168264040497 0.10592741213930847
0.4922471602295705 0.10600290114984977
0.5856926763102723 0.10275577230261687
1.3459051095632037 0.1079658759130028
0.1954083472575007 0.10850340289382095
0.2750923339418563 0.10515844601080997
0.3174458584981781 0.10525030870022727
0.35638594609038077 0.10541122071651435
0.3900518609384109 0.10560361248788283

Time 121.0
0.5239008726386339 0.10570641316952323
0.5583734902220372 0.10579628011418188
0.5981660371699216 0.10584580369323181
0.6884484486128375 0.10275577230261687
0.10387098547620828 0.1079658759130028
0.30391175015131217 0.10850340289382095
0.3803470702507203 0.1053342745765914
0.422769944951454 0.10538606687881817
0.46183299964505103 0.10547876287492887
0.4956486662943521 0.1055932175453883

Time 122.0
0.6295823986318134 0.10566064569072971
0.6641261941377793 0.10571574787919823
0.7039580896965156 0.10574627888681418
0.7912042209154027 0.10275577230261687
0.21183686138920474 0.1079658759130028
0.4124151530451236 0.10850340289382095
0.48573679557668453 0.10543639475685242
0.5282000077909579 0.10546724011817182
0.5673354735485874 0.10552273429930528
0.6012409406425003 0.10559177722159205

Time 123.0
0.7352282421601307 0.10563333897596429
0.7698154453430216 0.10566681149383102
0.8096714092467516 0.10568538063263241
0.8939599932179678 0.10275577230261687
0.3198027373022012 0.1079658759130028
0.5209185559389351 0.10850340289382095
0.5912063851638689 0.10549765262537625
0.6336938027452423 0.10551626532095462
0.6728728470435713 0.10554979215322387
0.706832587174918 0.10559157765068129

Time 124.0
0.84085265204503 0.10561685468432419
0.8754661915445203 0.10563714504709654
0.9153367680777359 0.10564840441956082
0.996715765520533 0.10275577230261687
0.42776861321519766 0.1079658759130028
0.6294219588327465 0.10850340289382095
0.6967240922208522 0.10553467866652164
0.7392261414174598 0.10554594407420637
0.77843154570723 0.10556624196276175
0.8124241467173436 0.10559154999819233

Time 125.0
0.9464641027552304 0.10560687654502073
0.9810936023439599 0.10561917021862235
1.0209730356533957 0.10562599256398626
1.0994715378230981 0.10275577230261687
0.5357344891281941 0.1079658759130028
0.737925361726558 0.10850340289382095
0.802270912252479 0.10555709742626034
0.844781820855965 0.10556392060787077
0.8840031885153545 0.10557621532423403
0.9180156942064603 0.10559154616666921

Time 126.0
1.0520677063000279 0.1056008328977012
1.0867068752879285 0.10560828065705512
1.1265916746529305 0.10561241383384644
1.2022273101256633 0.10275577230261687
0.6437003650411905 0.1079658759130028
0.8464287646203694 0.10850340289382095
0.9078353638696445 0.1055706771130462
0.9503516388932053 0.10557481040568231
0.9895826764062857 0.10558225830951075
1.0236072400254592 0.1055915456358217

Time 127.0
1.1576665565132915 0.10559717180678271
1.192311583335897 0.10560168369815041
1.2321996335461312 0.10560418760649505
1.3049830824282285 0.10275577230261687
0.751666240954187 0.1079658759130028
0.9549321675141809 0.10850340289382095
1.0134104960101395 0.10557890347294284
1.055930021929435 0.10558140739735765
1.0951669173402119 0.10558591930873501
1.1291987856130778 0.10559154556219998

Time 128.0
1.2632625272225195 0.10559495393683968
1.2979111027400456 0.10559768724835228
1.3378011223263058 0.10559920412146749
0.057738854730821826 0.10275577230261687
0.8596321168671834 0.1079658759130028
1.0634355704079923 0.10850340289382095
1.1189920983214336 0.105583886976341
1.1615135936237553 0.10558540385168337
1.2007540377381767 0.10558813716596441
1.2347903311686155 0.10559154555201551

Time 129.0
0.013925770916902799 0.06706554958794236
0.0506455904925389 0.10151071740471965
0.09007983365428068 0.10689692485950661
0.16049462703344217 0.10275577230261687
0.9675979927801799 0.1079658759130028
1.1719389733018037 0.10850340289382095
1.2246574136552568 0.10625088889519133
1.267495302264633 0.10857813834265521
1.3084042299328829 0.11726750553427868
1.3489574910770181 0.13157109422836988

Time 130.0
0.1227575186182452 0.10616643049252165
0.1567648101930905 0.10635278556124966
0.19631110249108122 0.10646428685989529
0.2632503993360628 0.10275577230261687
1.075563868693254 0.1079658759130028
1.2804423761956152 0.10850340289382095
1.334911862958163 0.11178024099751666
0.024741844694531348 0.09526539575529
0.06263246853854976 0.10599370102580266
0.09518684335251348 0.10711797816038758

Time 131.0
0.22901982594755796 0.10620835804310462
0.26309928825695 0.10629453297802698
0.30269783892785057 0.10632988338472485
0.3660061716386835 0.10275577230261687
1.1835297446063615 0.1079658759130028
0.03894577908942983 0.10850340289382095
0.08802116215744622 0.10409695778412802
0.12996389999531427 0.10472982709908617
0.16828621362456447 0.10549244052547375
0.20135904078914624 0.10598881903811923

Time 132.0
0.3350618317831379 0.10590435466301826
0.36929412504918446 0.10608047328995063
0.40895885060953646 0.10616757183201136
0.46876194394130416 0.10275577230261687
1.291495620519469 0.1079658759130028
0.14744918198325077 0.10850340289382095
0.19261859583073188 0.10491301836061798
0.23487574219377297 0.10507731874128294
0.27365120882706906 0.10534966598625804
0.3071277342580599 0.10564841597952437

Time 133.0
0.4409014610559659 0.10582307537653436
0.4752783576697252 0.10591200514528948
0.5150216581653536 0.10596945228218642
0.5715177162438863 0.10275577230261687
0.04946149643252863 0.1079658759130028
0.25445835584593146 0.1063283015195299
0.2985839097968673 0.1061531229259961
0.3404573413429481 0.1059252969214818
0.37918770494681464 0.10577721149866384
0.41279270345762537 0.10575575607680285

Time 134.0
0.5467549746275858 0.10588136726194554
0.5811703186412888 0.10588624146698421
0.6209426186945258 0.10589391070475405
0.6742734885464514 0.10275577230261687
0.15742737234552592 0.1079658759130028
0.36064574898572965 0.10610078750623982
0.4046836811023044 0.10605944163913404
0.4464327277473546 0.10599503462232171
0.48506462304223336 0.10593342070907694
0.5186310211866978 0.10589401783602832

Time 135.0
0.6526537616995801 0.10591226642680268
0.6870627126327734 0.10590018609212264
0.7268342996862603 0.10589487985870998
0.7770292608490166 0.10275577230261687
0.2653932482585224 0.1079658759130028
0.4667081138082102 0.1060344658073251
0.51072014660202 0.1060184453505732
0.5524271876127211 0.1059912129259486
0.5910153821185494 0.10596023488899241
0.6245483316140856 0.10593253039601007

Time 136.0
0.7585745436203517 0.10592779023206776
0.7929710854145429 0.10591608209307062
0.8327365955037601 0.10591001970900439
0.8797850331515817 0.10275577230261687
0.37335912417151884 0.1079658759130028
0.572726275121451 0.10600503586808127
0.6167267235566388 0.10599663025581954
0.6584135668154443 0.1059816082920503
0.6969777237840299 0.10596297653235309
0.7304876437044656 0.10594407876403766

Time 137.0
0.8645004249781164 0.10586279772815257
0.8988461453035204 0.10558729129031297
0.9384192469308288 0.10492747857517502
0.9828303800518253 0.1041791882986849
0.4813250000845153 0.1079658759130028
0.6787222780572717 0.10598831831892647
0.7227161182412926 0.10598313188305225
0.7643910095842816 0.10597358837676522
0.8029400120497605 0.10596040523817309
0.8364335695244295 0.10593779433985893

Time 138.0
0.9701678974899914 0.10554970742158774
1.0042260166582235 0.10532551453724426
1.0434169503826591 0.10511131097571891
1.0875247201423617 0.10497814441075533
0.5892908759975117 0.1079658759130028
0.7847033654421268 0.1059705972393025
0.828689928080413 0.10595707926630551
0.8703467355767575 0.10592274288160114
0.908856558446839 0.10585328679902428
0.9422670065510442 0.10573161051756183

Time 139.0
1.075688241939235 0.10550827074743312
1.1095742580412733 0.10537630482324842
1.1486137641595968 0.10526797495948326
1.1926319379376107 0.10520659455069264
0.6972567519105082 0.1079658759130028
0.8906507458735238 0.10591859127430321
0.9346161904418797 0.10589223652290061
0.9762257514106659 0.10583753620343743
1.014654354306102 0.10575269843346213
1.0479439287096448 0.10563978653414074

Time 140.0
1.1812000209596327 0.10551823382583472
1.2149788488265483 0.1054311613763676
1.2539330136913622 0.10536366937333178
1.2979037240534606 0.10532675393855875
0.8052226278235046 0.1079658759130028
0.9965354783676111 0.10585082195243466
1.040473808564715 0.10582439857892405
1.0820291978213443 0.10577298103194847
1.1203780155125342 0.10570004390758522
1.153567059071428 0.1056119300641163

Time 141.0
1.2868587839599492 0.10741765293472882
1.3216699702251322 0.11839479994302662
0.00878403668088917 0.08868373887530122
0.05242719495710536 0.10713494402853273
0.9131885037365011 0.1079658759130028
1.1023549069821865 0.10579004090657265
1.1462690453737483 0.10576878538612211
1.1877781915612684 0.1057311717224651
1.2260645817375575 0.10569714061289584
1.259192449439906 0.10578171963945636

Time 142.0
0.040853550766265685 0.10791725695150936
0.07331098692415738 0.1088896417716741
0.11230743515237943 0.10544620162229645
0.15642427582229343 0.10494122003817281
1.0211543796495193 0.1079658759130028
1.2082127507070197 0.10641561010565244
1.2524183309846348 0.10826907157355227
1.2953232373271844 0.11434629532842182
1.3385536751393383 0.1236385693749899
0.014394912143576011 0.07053612728283234

Time 143.0
0.14661321580567593 0.10612183284571171
0.179702173409799 0.10605691458433757
0.21821574079887499 0.1059363523196933
0.2619750026928814 0.1058523453856425
1.1291202555626267 0.1079658759130028
1.316331799896419 0.10850340289382074
0.011648693816324579 0.09466718738662046
0.05022099720153984 0.11235526083343793
0.08759515193336853 0.10534371552959386
0.11989637346106741 0.1055629822702432

Time 144.0
0.2525786978046043 0.10590256381141684
0.2856813341208126 0.10593796917263089
0.32416081651868905 0.10594281535980461
0.36788755635608233 0.1059386232250377
1.2370861314757342 0.1079658759130028
0.07174196221750422 0.10472213396819358
0.1152377851874093 0.10504841080140116
0.15604170331931722 0.10541950001949164
0.19349497728012882 0.10566980831909054
0.22577431026050188 0.10581816937203455

Time 145.0
0.35842124663064445 0.10578666731232805
0.39158075705717216 0.10585967079642013
0.4300857691968143 0.10590095925308601
0.4738209435261649 0.1059188952980171
1.3450520073888417 0.1079658759130028
0.17671843934739506 0.10513757210643376
0.22037421064085783 0.10522333899557802
0.26140864238567835 0.10536744082066887
0.29907523681223097 0.10552974916634772
0.33151389151719024 0.10567570030022191

Time 146.0
0.4641686366597976 0.1057158544953704
0.497403518956415 0.10578919475715065
0.5359558991944737 0.10583866100898139
0.5797134808495812 0.1058632984283813
0.1030178833018471 0.1079658759130028
0.2819426791733207 0.10529383624087515
0.3256599409622501 0.10533853661767277
0.36680138347578045 0.10541873050717485
0.4045955626226502 0.10551908160375216
0.4371580292689841 0.10562280038974282

Time 147.0
0.5698638301070764 0.10567809739038239
0.6031657571716291 0.10573814302498778
0.6417649269293069 0.1057811367080496
0.6855463874235443 0.10580346966020167
0.21098375921484355 0.1079658759130028
0.3872848578316917 0.10538368066519915
0.4310376571035599 0.10541202556543212
0.47224374895788995 0.10546422998602258
0.5101206762784433 0.10553237530594257
0.5427712834092103 0.1056068357428836

Time 148.0
0.6755297227192187 0.10565536072840807
0.7088845722211087 0.10570145158094366
0.747522101687293 0.10573518375784734
0.7913236542518176 0.1057529665819604
0.31894963512784 0.1079658759130028
0.4927001213756062 0.1054431803865726
0.5364765072339163 0.10546276546873198
0.5777263126845272 0.10549925886421888
0.6156608705507278 0.1055477778906341
0.6483752565372348 0.10560204878978435

Time 149.0
0.7811770257246271 0.10564017132253027
0.8145719657047025 0.1056747202328055
0.8532389733258983 0.10570021975600503
0.8970561143845399 0.10571373790577708
0.42691551104083647 0.1079658759130028
0.598165421048888 0.10548510609309912
0.6419584429943292 0.1054991645298769
0.683239331605368 0.10552549182077516
0.7212153913676188 0.10556076865774704
0.7539764471545835 0.10560061373048549

Time 150.0
0.8868115374714933 0.10562944163206556
0.9202363750544799 0.10565509957194733
0.9589254899809426 0.10567410051029362
1.0027543650938722 0.10568419573703841
0.5348813869538329 0.1079658759130028
0.7036664978403929 0.10551545678690785
0.7474715678911797 0.10552571398279097
0.7887750449616181 0.10554496307223289
0.826781425446621 0.10557083923254054
0.8595768036190555 0.10560018352328432

Time 151.0
0.9924368884346326 0.10562166705986628
1.0258838843213098 0.10564065142926896
1.0645894206990387 0.10565472922720992
1.108427024786202 0.10566221538095406
0.6428472628668294 0.1079658759130028
0.8091936356179236 0.10553767952547698
0.8530075287902741 0.10554521423489277
0.8943275715540502 0.10555936642443928
0.9323562371870946 0.10557841621273333
0.9651769100182349 0.10560005455425985

Time 152.0
1.0980555623113648 0.10561597241767501
1.131518939677662 0.10562999795110851
1.1702366273265394 0.10564040421093852
1.2140806943623548 0.10564593992123768
0.7508131387798258 0.1079658759130028
0.9147399044005965 0.10555402764746839
0.9585602887454161 0.10555957791394202
0.9998925260217343 0.10557000647516016
1.0379376111602439 0.10558405162008948
1.0707769414519637 0.10560001589148167

Time 153.0
1.2036693334060413 0.10561178253126781
1.2371448092699422 0.10562213821442487
1.2758714745018054 0.10562982332320998
1.3197203176279952 0.10563391208098702
0.8587790146928223 0.1079658759130028
1.0203002617299726 0.10556607727066052
1.0641254306261967 0.10557017039214542
1.105466658448559 0.10557786218650914
1.1435238534841878 0.10558822374888488
1.1763769504122843 0.10560000430101188

Time 154.0
1.310203812120789 0.11033401744645228
1.346368352325056 0.11488270919280515
0.027992121247450655 0.09281770134888187
0.074122260615137 0.10276225754834509
0.9667448906058187 0.1079658759130028
1.1258710804758847 0.10557582630748996
1.1697002123859581 0.10558345571850286
1.2110512553464305 0.10562265183168755
1.2491399961260004 0.10585207390083574
1.2821499929133717 0.10696930075410116

Time 155.0
0.0628472589734439 0.10573123096916005
0.09614169208310357 0.10577380198814208
0.1347102877430546 0.10614173246858317
0.17858443692571574 0.10552860593226857
1.074710766518892 0.1079658759130028
1.2318134744154448 0.1075115698214957
1.2764847556326708 0.11040886043747491
1.3206898493512385 0.11613581357974227
0.009381050895102052 0.07036893197715975
0.03634627158540483 0.122799446875075

Time 156.0
0.1693608421759904 0.10598887986286627
0.2023391981167155 0.10607118467738816
0.24074563266193125 0.10605060222847398
0.284442284976395 0.10601160301663372
1.1826766424319994 0.1079658759130028
1.3402463940989342 0.10850340289382074
0.03315379968190539 0.1003576918530743
0.07371410813956583 0.10505924657447281
0.11067941287036709 0.10637570896362689
0.14271739893246632 0.10598167397874445

Time 157.0
0.2753346124872173 0.10590942750111593
0.30835962402071077 0.10597831951127329
0.34677752316873195 0.10601224026370554
0.3904701507878319 0.10602493559155686
1.290642518345107 0.1079658759130028
0.09467440184721633 0.10476693873939473
0.1381856429762448 0.1049995683228691
0.17898672512513822 0.10532123399015991
0.21639982344833938 0.10559797147803474
0.24861056184194022 0.1057893586509915

Time 158.0
0.38118199509681117 0.10579193343953834
0.41429216764527027 0.10588625975299817
0.4527583845147769 0.10594508733410034
0.4964722259950143 0.10597282393776251
0.04860839425816739 0.1079658759130028
0.19964397867499273 0.10511179624446475
0.24328934113628103 0.10519378730848665
0.28430157079592 0.10533529523939646
0.3219332759291223 0.10550188735232287
0.35432611996428026 0.10566112344003145

Time 159.0
0.4869360535439953 0.1057233321745122
0.5201376744412153 0.10580873899063324
0.5586645574414683 0.10586806184481604
0.6024082971447922 0.10589824092907475
0.15657427017116474 0.1079658759130028
0.30484092363514537 0.10526723471675192
0.3485475832059642 0.10531357006931864
0.38966849067178716 0.10539764153488691
0.4274337707261523 0.10550480768687452
0.45996170299105105 0.10561836610223331

Time 160.0
0.5926385790118739 0.10568501161769718
0.6259169136333578 0.1057528127661657
0.664498317765325 0.10580186428984
0.7082702373556293 0.10582752410028057
0.2645401460841612 0.1079658759130028
0.4101589157942918 0.1053621257683986
0.45390314504539314 0.10539262792599896
0.49509295874022435 0.1054490983155155
0.5329476016604453 0.10552342346467249
0.5655723788441324 0.10560550580053249

Time 161.0
0.6983107159605976 0.10566090370991477
0.7316484399544934 0.10571237316202126
0.7702731812210578 0.10575019009021441
0.8140679025519699 0.10577017844693529
0.37250602199715765 0.1079658759130028
0.5155552338609672 0.10542671783442362
0.5593250795372177 0.10544815783703686
0.6005625427049316 0.10548819881541874
0.6384803671955981 0.10554162406402871
0.671175578912945 0.10560165008910796

Time 162.0
0.803962884803518 0.10564439566185005
0.8373452714238239 0.1056828106756624
0.876002938404291 0.10571120764298284
0.9198151013581262 0.10572627718046364
0.4804718979101541 0.1079658759130028
0.621006230411598 0.105472791449957
0.664794361504659 0.10548829616683231
0.7060660431534355 0.10551735986768819
0.7440296671107874 0.10555636119711839
0.7767765377786334 0.10560049420654667

Time 163.0
0.9096010653746721 0.10563259945368443
0.9430166638524863 0.10566107969650293
0.9816989143061164 0.10568218380456013
1.0255241344931059 0.1056934010144268
0.5884377738231505 0.1079658759130028
0.7264966553483804 0.10550631885035802
0.7702980966300674 0.10551766651981097
0.8115947493022687 0.10553897050360461
0.8495919259231106 0.1055676265141712
0.8823768247677697 0.10560014769198235

Time 164.0
1.0152291473855966 0.10562400968151497
1.0486693321778495 0.10564506771699571
1.0873698110899632 0.10566068715919502
1.1312047234314087 0.10566899447734103
0.696403649736147 0.1079658759130028
0.8320159030229481 0.10553092061674821
0.875827112290965 0.10553926704456258
0.9171421096028327 0.10555494640617046
0.9551639747061256 0.10557605713394506
0.9879769103393903 0.10560004381262855

Time 165.0
1.120849843872685 0.1056177049690567
1.1543081967030662 0.10563325815945288
1.1930221543793313 0.1056447990412212
1.2368642365209819 0.10565093873285264
0.8043695256491434 0.1079658759130028
0.9375563400266272 0.10554903488777344
0.9813747418279967 0.10555518630383993
1.022703252733214 0.10556674514845836
1.060743316502922 0.10558231413512716
1.0935769355293572 0.10560001267131923

Time 166.0
1.2264651098280983 0.10561306230222228
1.2599368780842974 0.10562454461925769
1.298660791241403 0.10563306617217275
1.3425081699540862 0.10563760007102878
0.9123354015621399 0.1079658759130028
1.0431123907063244 0.10556239109488465
1.0869360958937475 0.10556692850853491
1.1282745727210244 0.10557545544641886
1.1663280610984026 0.10558694249892844
1.1991769426179046 0.10560000333565324

Time 167.0
1.3369785037832214 0.12547430026399206
0.013291529836470245 0.07505411819595326
0.052238767127167414 0.10848862499772678
0.0963597462908684 0.10453893635048501
1.0203012774751572 0.1079658759130028
1.1486807223903028 0.10557991680013619
1.1925120918629448 0.10561704490727357
1.2338816452297146 0.10582575224648239
1.272086515987905 0.10703255539971028
1.305769483685798 0.11278874488734172

Time 168.0
0.08613847945412564 0.10750293014656546
0.11904082229899655 0.10654491496933648
0.15758246419687272 0.10595627690208408
0.2013844574767702 0.1057375891863033
1.1282671533882647 0.1079658759130028
1.2551811587089792 0.10850131058560365
1.300471273587773 0.11168429438614438
1.345496553966154 0.11388614347971496
0.026864581837554174 0.08804390000297034
0.06003920871625686 0.10254263439037883

Time 169.0
0.1922458747257199 0.10602360982200615
0.22523087097040032 0.1060411451786344
0.26363425766033505 0.10604231578011601
0.3073245237267108 0.10602919740027048
1.2362330293013721 0.1079658759130028
0.013003220569214874 0.1024224269257992
0.05568049363585692 0.107086691725421
0.09631259084868811 0.10513234031879894
0.13355840119616694 0.10563508606756125
0.16560876095948862 0.10598718083049413

Time 170.0
0.29819608359151795 0.1058822582741103
0.3312350200426369 0.1059603898172703
0.3696596330852691 0.1060018355102971
0.41335473969040515 0.10601901338631262
1.3441989052144796 0.1079658759130028
0.11731377200539791 0.1048758155701581
0.1608669619611066 0.10504617704089089
0.20172866785713459 0.10530497843561117
0.2391968978333686 0.1055573988445813
0.27144721227484514 0.10575212716986994

Time 171.0
0.40401967779355646 0.10577377914586261
0.43714880375061826 0.1058684488960601
0.47562689322203877 0.1059294617659101
0.519346344049056 0.10595890765524742
0.1021647811274859 0.1079658759130028
0.22234799620574414 0.1051521364152
0.2660092269948059 0.10522330337737862
0.3070489867252318 0.10534807429570464
0.34471335403250963 0.10549864961662597
0.3771376996172203 0.1056472328811121

Time 172.0
0.5097603329163882 0.10571364250543092
0.5429789399294477 0.105795745963458
0.5815176538390022 0.10585349802269109
0.6252674233513259 0.10588313565043041
0.21013065704048237 0.1079658759130028
0.32757523972098035 0.10529021996265168
0.3712909898292137 0.10533232511552564
0.412428416936821 0.10540917697931562
0.45021480573366524 0.10550807497144656
0.48276517418303794 0.10561417487815146

Time 173.0
0.6154553528445426 0.10567920008835915
0.6487471271954373 0.10574347559238743
0.6873382651968415 0.10579019734178322
0.7311152805254119 0.10581471636219607
0.31809653295347884 0.1079658759130028
0.4329118947794585 0.10537729539413596
0.47666213718374895 0.10540555159274655
0.5178630903037232 0.10545799901647374
0.5557324089727913 0.10552730957918112
0.5883734134870318 0.10560424908183828

Time 174.0
0.721122744952571 0.10565703182276277
0.7544706588315526 0.10570557294751239
0.7931028903197854 0.1057413040511577
0.8369015717876388 0.10576021294955201
0.4260624088664753 0.1079658759130028
0.538320959663031 0.10543739138296945
0.5820950405007332 0.10545742062211431
0.623340415252067 0.10549486818721973
0.6612688001672429 0.10554491874271439
0.693975883063472 0.10560127334309856

Time 175.0
0.8267716555374325 0.1056416642191773
0.8601616438821625 0.10567782020318897
0.8988249311469602 0.1057045668473036
0.9426400769796023 0.1057187674272819
0.5340282847794717 0.1079658759130028
0.6437810613946623 0.10548051346515236
0.6875722578143268 0.10549504990479351
0.7288496860647928 0.10552231111571454
0.7668210228281882 0.10555891960220974
0.7995766229390712 0.10560038126427962

Time 176.0
0.9324075047957865 0.10563062143840925
0.9658287379810687 0.1056574051077954
1.0045151640930186 0.10567725789192044
1.0483426038180872 0.10568781203618138
0.6419941606924682 0.1079658759130028
0.7492781160088658 0.10551197146125467
0.7930818015451215 0.10552262629068918
0.8343826677435057 0.10554263333346918
0.8723855123722547 0.10556955265562784
0.9051768442785844 0.10560011383375435

Time 177.0
1.0380338882400637 0.10562256119523306
1.0714782389612492 0.10564235830367319
1.1101818079679073 0.10565704422598991
1.1540183638297246 0.10566485565326769
0.7499600366054646 0.1079658759130028
0.8548022295976674 0.10553507851684626
0.8986150897956526 0.10554292012788677
0.9399331885542206 0.10555765229441214
0.9779592295693714 0.10557749006930339
1.0107769101695285 0.10560003366248917

Time 178.0
1.1436533377260385 0.1056166393377275
1.1771147673605133 0.10563125928003685
1.2158310081335109 0.10564210819155223
1.2596743048803216 0.10564787994074959
0.8579259125184611 0.1079658759130028
0.9603462497285811 0.1055520993985587
1.004165868356388 0.10555788019634482
1.0454966657615279 0.10556874297110948
1.083539809328046 0.10558337510455372
1.116376929459557 0.10560000962846865

Time 179.0
1.2492693228696443 0.10565980434575845
1.2827729272577917 0.10615665194965469
1.3217784845341998 0.1079215575392669
0.014971547878106306 0.1027615728495561
0.9658917884314575 0.1079658759130028
1.0659049424648774 0.10556465156925207
1.1097295452306226 0.10556891604946227
1.1510697088506279 0.1055769310862804
1.1891254705582133 0.10558778213133672
1.2219769851395057 0.10560212652853398

Time 180.0
0.006260795501217594 0.046035150160198525
0.03526147346144761 0.12370194087261507
0.07441311063766394 0.10482297373967266
0.11895173090368741 0.10395399158173274
1.07385766434453 0.1079658759130028
1.1714801096326193 0.10562258432775255
1.2153315805992952 0.1058060096315785
1.2568100177790422 0.1068269946561713
1.2956129113648442 0.11336098526179034
1.332877198952864 0.14026936381758964

