Time 0.0
0.0 0.09274976204362598
0.27 0.09301891677401564
0.54 0.09343410585707292
0.8100000000000002 0.10409340325307966
1.08 0.11565687149070858

Time 1.0
0.09274976204362574 0.09274976204362598
0.36301891677399034 0.09301891677401564
0.6334341058570487 0.09343410585707292
0.914093403253125 0.10409340325307966
1.1956568714906215 0.11565687149070858

Time 2.0
0.18549952408725148 0.09274976204362598
0.45603783354798066 0.09301891677401564
0.7268682117140974 0.09343410585707292
1.0181868065062305 0.10409340325307966
1.311313742981243 0.11565687149070858

Time 3.0
0.2782492861308857 0.09274976204362598
0.5490567503220003 0.09301891677401564
0.8203023175711461 0.09343410585707292
1.1222802097592444 0.10409340325307966
0.07697061447192247 0.11565687149070858

Time 4.0
0.37099904817453916 0.09274976204362598
0.6420756670960461 0.09301891677401564
0.9137364234281948 0.09343410585707292
1.2263736130122582 0.10409340325307966
0.19262748596262716 0.11565687149070858

Time 5.0
0.46374881021819264 0.09274976204362598
0.735094583870092 0.09301891677401564
1.007170529285252 0.09343410585707292
1.330467016265272 0.10409340325307966
0.3082843574533458 0.11565687149070858

Time 6.0
0.5564985722618461 0.09274976204362598
0.8281135006441378 0.09301891677401564
1.1006046351424117 0.09343410585707292
0.08456041951833906 0.10409340325307966
0.42394122894407826 0.11565687149070858

Time 7.0
0.6492483343054996 0.09274976204362598
0.9211324174181836 0.09301891677401564
1.1940387409995714 0.09343410585707292
0.18865382277141382 0.10409340325307966
0.5395981004348107 0.11565687149070858

Time 8.0
0.741998096349153 0.09274976204362598
1.0141513341922295 0.09301891677401564
1.2874728468567311 0.09343410585707292
0.2927472260244832 0.10409340325307966
0.6552549719255432 0.11565687149070858

Time 9.0
0.8347478583928065 0.09274976204362598
1.1071702509662753 0.09301891677401564
0.03090695271386214 0.09343410585707292
0.3968406292775526 0.10409340325307966
0.7709118434162756 0.11565687149070858

Time 10.0
0.9280792843469222 0.09934717795294642
1.2001891677403211 0.09301891677401564
0.12434105857093626 0.09343410585707292
0.5009340325306224 0.10409340325307966
0.885987050996536 0.10905945558138813

Time 11.0
1.0314482891895704 0.10418871106153883
1.293208084514367 0.09301891677401564
0.2177751644280127 0.09343410585707292
0.6050274357837473 0.10409340325307966
0.9910246796882209 0.10421792247279572

Time 12.0
1.1356490978234401 0.10420327286295487
0.03622700128840098 0.09301891677401564
0.31120927028507095 0.09343410585707292
0.7091208390368722 0.10409340325307966
1.095230504588681 0.10420336067137968

Time 13.0
1.2398524070512429 0.10420331663520933
0.12924591806241906 0.09301891677401564
0.40464337614211965 0.09343410585707292
0.8132142422899971 0.10409340325307966
1.1994338288952087 0.10420331689912522

Time 14.0
1.3440557237957518 0.1042033167667767
0.22226483483643714 0.09301891677401564
0.49807748199916835 0.09343410585707292
0.9173076455431219 0.10409340325307966
1.303637145685033 0.10420331676755785

Time 15.0
0.09810083653671227 0.1051218228109789
0.31528375161043576 0.09301891677401564
0.591511587856217 0.09343410585707292
1.021401048796224 0.10409340325307966
0.05799866647840874 0.10328481072335566

Time 16.0
0.20246188177452726 0.10420607776262525
0.4083026683844261 0.09301891677401564
0.6849456937132657 0.09343410585707292
1.1254944520492378 0.10409340325307966
0.16204425477492773 0.10420055577170931

Time 17.0
0.30666567266768374 0.10420332506661997
0.5013215851584172 0.09301891677401564
0.7783797995703144 0.09343410585707292
1.2295878553022517 0.10409340325307966
0.2662470974161059 0.10420330846771458

Time 18.0
0.41086899086005674 0.10420331679211077
0.594340501932463 0.09301891677401564
0.8718139054273631 0.09343410585707292
1.3336812585552655 0.10409340325307966
0.37045041275806717 0.10420331674222379

Time 19.0
0.515072307631509 0.10420331676723878
0.6873594187065089 0.09301891677401564
0.9652480112844118 0.09343410585707292
0.08777466180833467 0.10409340325307966
0.47465372952095025 0.10420331676709578

Time 20.0
0.619275624398702 0.1042033167671897
0.7803783354805547 0.09301891677401564
1.0586821171415304 0.09343410585707292
0.191868065061409 0.10409340325307966
0.5788570462881274 0.10420331676714485

Time 21.0
0.723478941165895 0.1042033167671897
0.8733972522546005 0.09301891677401564
1.15211622299869 0.09343410585707292
0.2959614683144784 0.10409340325307966
0.6830603630553204 0.10420331676714485

Time 22.0
0.8276822579330879 0.1042033167671897
0.9664161690286464 0.09301891677401564
1.2455503288558498 0.09343410585707292
0.40005487156754777 0.10409340325307966
0.7872636798225133 0.10420331676714485

Time 23.0
0.9318855747002809 0.1042033167671897
1.0594350858026922 0.09301891677401564
1.3389844347130095 0.09343410585707292
0.5041482748206193 0.10409340325307966
0.8914669965897063 0.10420331676714485

Time 24.0
1.0360888914674722 0.10420331676719362
1.152454002576738 0.09301891677401564
0.08241854057009225 0.09343410585707292
0.6082416780737442 0.10409340325307966
0.9956703133568993 0.10420331676714094

Time 25.0
1.1402922082345608 0.1042033167671886
1.2454729193507839 0.09301891677401564
0.1758526464271687 0.09343410585707292
0.7123350813268691 0.10409340325307966
1.0998736301239858 0.10420331676714596

Time 26.0
1.2444955250016427 0.1042033167671886
1.3384918361248297 0.09301891677401564
0.26928675228423943 0.09343410585707292
0.816428484579994 0.10409340325307966
1.2040769468910677 0.10420331676714596

Time 27.0
1.3486988417687247 0.1042033167671886
0.08151075289885018 0.09301891677401564
0.3627208581412881 0.09343410585707292
0.9205218878331188 0.10409340325307966
1.3082802636581496 0.10420331676714596

Time 28.0
0.10278033623515195 0.1049105966198027
0.17452966967286826 0.09301891677401564
0.4561549639983368 0.09343410585707292
1.0246152910862174 0.10409340325307966
0.06260540272605394 0.10349603691453185

Time 29.0
0.20710510910970045 0.104205442824429
0.2675485864468811 0.09301891677401564
0.5495890698553856 0.09343410585707292
1.1287086943392313 0.10409340325307966
0.16668726338583925 0.10420119070990555

Time 30.0
0.31130879096946484 0.10420332315801917
0.36056750322087144 0.09301891677401564
0.6430231757124343 0.09343410585707292
1.2328020975922451 0.10409340325307966
0.27089021506040967 0.10420331037631539

Time 31.0
0.41369935172941263 0.10048768122971657
0.4561484747976108 0.09932111609074233
0.736457281569483 0.09343410585707292
1.336895500845259 0.10409340325307966
0.3743442330320665 0.10161675298789125

Time 32.0
0.5141758136976937 0.1004751841443161
0.556223023581776 0.10039580644804062
0.8298913874265317 0.09343410585707292
0.09098890409833028 0.10409340325307966
0.47521877258796785 0.10055455971599345

Time 33.0
0.6146509972062577 0.10047518343615994
0.6566705455624107 0.10046969419689655
0.9233254932835804 0.09343410585707292
0.1950823073514042 0.10409340325307966
0.5757216174071156 0.10048067267529372

Time 34.0
0.7151261806423944 0.10047518343608922
0.7571438160911805 0.1004748038313841
1.016759599140649 0.09343410585707292
0.29917571060447357 0.10409340325307966
0.6761987137505933 0.10047556304087679

Time 35.0
0.8156013640785243 0.10047518343608841
0.8576188672414529 0.10047515718481367
1.1101937049978088 0.09343410585707292
0.40326911385754294 0.10409340325307966
0.7766740294725801 0.10047520968744807

Time 36.0
0.9160765475146561 0.10047518343608922
0.9580940415294439 0.10047518162073733
1.2036278108549685 0.09343410585707292
0.5073625171106162 0.10409340325307966
0.877149222056854 0.10047518525152369

Time 37.0
1.01655173095078 0.10047518343612642
1.0585692243329412 0.10047518331057055
1.2970619167121282 0.09343410585707292
0.6114559203637411 0.10409340325307966
0.9776244061256185 0.10047518356165315

Time 38.0
1.117026914386924 0.10047518343607105
1.159044407725317 0.10047518342747708
0.04049602256924996 0.09343410585707292
0.715549323616866 0.10409340325307966
1.0780995896055088 0.10047518344480198

Time 39.0
1.217502097823068 0.10047518343606276
1.25951959115844 0.1004751834355452
0.13393012842632476 0.09343410585707292
0.8196427268699908 0.10409340325307966
1.1785747730446705 0.1004751834367424

Time 40.0
1.3185038653433603 0.1069273993806496
0.009437514274191873 0.09312570325306285
0.22736423428340122 0.09343410585707292
0.9237361301231157 0.10409340325307966
1.2790806327170505 0.10137244767463774

Time 41.0
0.06826170599177858 0.10233935842757899
0.10882854889776027 0.10418228020169534
0.32079834014045666 0.09343410585707292
1.0278295333762109 0.10409340325307966
0.03135730775341878 0.09490391167907596

Time 42.0
0.16892763732093977 0.10047528910395055
0.21082504037694746 0.10079595130635872
0.41423244599750536 0.09343410585707292
1.1319229366292247 0.10409340325307966
0.13012043525342104 0.10015430989804087

Time 43.0
0.2694028315669399 0.10047518344210911
0.3114120190169315 0.10049736957905517
0.5076665518545541 0.09343410585707292
1.2360163398822386 0.10409340325307966
0.23048381267578508 0.10045299728718593

Time 44.0
0.36987801500367085 0.1004751834361161
0.41189493395071053 0.10047671770452674
0.6011006577116028 0.09343410585707292
1.3401097431352524 0.10409340325307966
0.3309512646136267 0.10047364916770735

Time 45.0
0.4703531984397872 0.10047518343611613
0.5123706520535116 0.10047528953744649
0.6945347635686515 0.09343410585707292
0.09420314638832582 0.10409340325307966
0.4314259133830592 0.10047507733478762

Time 46.0
0.5708283818759182 0.10047518343608919
0.6128458724641624 0.1004751907734985
0.7879688694257002 0.09343410585707292
0.19829654964139928 0.10409340325307966
0.5319010598446592 0.10047517609876254

Time 47.0
0.6713035653120487 0.10047518343609052
0.7133210584572409 0.10047518394354286
0.8814029752827489 0.09343410585707292
0.3023899528944687 0.10409340325307966
0.6323762407238421 0.10047518292871677

Time 48.0
0.7717787487481795 0.10047518343608894
0.8137962420701849 0.10047518347124873
0.9748370811397976 0.09343410585707292
0.40648335614753806 0.10409340325307966
0.7328514239831599 0.10047518340101255

Time 49.0
0.8722539321843099 0.10047518343608963
0.914271425518558 0.1004751834385507
1.0682711869969275 0.09343410585707292
0.5105767594006131 0.10409340325307966
0.8333266074070473 0.10047518343370981

Time 50.0
0.9727291156204411 0.10047518343609402
1.0147466089555357 0.10047518343629257
1.1617052928540872 0.09343410585707292
0.614670162653738 0.10409340325307966
0.9338017908423337 0.10047518343596368

Time 51.0
1.0732042990565769 0.10047518343603629
1.1152217923916947 0.10047518343622124
1.255139398711247 0.09343410585707292
0.7187635659068629 0.10409340325307966
1.0342769742784232 0.10047518343609288

Time 52.0
1.1736794824927208 0.10047518343603629
1.2156969758278386 0.10047518343622124
1.3485735045684066 0.09343410585707292
0.8228569691599877 0.10409340325307966
1.1347521577145672 0.10047518343609288

Time 53.0
1.2741546659288647 0.10047518343603629
1.3161721592639826 0.10047518343622124
0.09200761042548085 0.09343410585707292
0.9269503724131126 0.10409340325307966
1.235227341150711 0.10047518343609288

Time 54.0
0.021930913950517925 0.08678323017507003
0.06488250240147632 0.0989855718155854
0.1854417162825573 0.09343410585707292
1.0310437756662043 0.10409340325307966
1.3401663002999475 0.11565674831769485

Time 55.0
0.12510425518372054 0.10048278430212744
0.1667360171161284 0.10150483947009445
0.27887582213962514 0.09343410585707292
1.1351371789192182 0.10409340325307966
0.08656499466044329 0.09943792653612829

Time 56.0
0.22558021619315088 0.1004751838668269
0.26757095392814034 0.10054665122671137
0.37230992799667384 0.09343410585707292
1.239230582172232 0.10409340325307966
0.1866796471473512 0.10040371521481202

Time 57.0
0.3260553996733297 0.10047518343614258
0.3680710427378951 0.10048012575930404
0.46574403385372254 0.09343410585707292
1.343323985425246 0.10409340325307966
0.2871299251657688 0.10047024111290354

Time 58.0
0.42653058310945013 0.10047518343611667
0.46854794849035647 0.10047552521924545
0.5591781397107712 0.09343410585707292
0.09741738867832142 0.10409340325307966
0.38760338628553986 0.1004748416529881

Time 59.0
0.5270057665455754 0.10047518343609166
0.5690232510321371 0.1004752070719175
0.6526122455678199 0.09343410585707292
0.20151079193139446 0.10409340325307966
0.48807845061599925 0.10047515980034108

Time 60.0
0.6274809499817046 0.1004751834360892
0.6694984427049393 0.10047518507064877
0.7460463514248686 0.09343410585707292
0.30560419518446386 0.10409340325307966
0.5885536258154549 0.10047518180161223

Time 61.0
0.7279561334178354 0.1004751834360898
0.7699736267106739 0.10047518354915626
0.8394804572819173 0.09343410585707292
0.40969759843753323 0.10409340325307966
0.6890288086819821 0.10047518332310412

Time 62.0
0.8284313168539672 0.10047518343608881
0.8704488101861976 0.10047518344394021
0.932914563138966 0.09343410585707292
0.51379100169061 0.10409340325307966
0.7895039920787215 0.10047518342832115

Time 63.0
0.9289065002900971 0.100475183436091
0.97092399362505 0.10047518343666823
1.0263486689960462 0.09343410585707292
0.6178844049437349 0.10409340325307966
0.8899791755121306 0.10047518343559099

Time 64.0
1.029381683726228 0.10047518343603608
1.0713991770613458 0.10047518343622129
1.1197827748532059 0.09343410585707292
0.7219778081968597 0.10409340325307966
0.9904543589480743 0.10047518343609288

Time 65.0
1.1295949025744387 0.0994007079360922
1.17097633374375 0.098234409766488
1.2144463637358938 0.09719253415894612
0.8260712114499846 0.10409340325307966
1.0908600507002715 0.10003200430389679

Time 66.0
1.2286290059245497 0.09884367894994092
1.269407311393853 0.0985867662258261
1.31241461501286 0.09840448432297763
0.9301646147031095 0.10409340325307966
1.1902863745885175 0.09902472666667839

Time 67.0
1.3294081517550114 0.10618835245815786
0.016836543060885143 0.08673215907185672
0.059677500996139395 0.09972253892446714
1.0342580179561978 0.10409340325307966
1.2896747672731677 0.10221660571094139

Time 68.0
0.07664347856823558 0.09919387545250503
0.11576460396326678 0.10106918078411209
0.1580353080839194 0.1001888171602568
1.1383514212092116 0.10409340325307966
0.04001322863520812 0.09440778276854919

Time 69.0
0.17502438794913514 0.09846563707393148
0.2153000530039069 0.09897270759569167
0.2579532964276851 0.09932274825331479
1.2424448244622255 0.10409340325307966
0.1370385380353266 0.09809856324248517

Time 70.0
0.2736097081280674 0.09865947730309584
0.3141460234002038 0.09877037638016177
0.356982112224034 0.0988487682690633
1.3465382277152393 0.10409340325307966
0.2354380878291718 0.09858103421310216

Time 71.0
0.3722961216994134 0.09870278703629992
0.41288944230776786 0.09872704112336399
0.45576583559520506 0.09874419127584065
0.10063163096831702 0.10409340325307966
0.33408418814451263 0.09868563672991854

Time 72.0
0.4710048020959164 0.09871226180686887
0.5116105900071921 0.09871756627607205
0.5544957989958523 0.09872131710198602
0.20472503422138966 0.10409340325307966
0.4327840528133625 0.0987085109804961

Time 73.0
0.5697183528119223 0.09871433398667409
0.6103268673739364 0.09871549409603698
0.6532140043957841 0.09871631441723706
0.30881843747445903 0.10409340325307966
0.5314956754961021 0.0987135136654749

Time 74.0
0.6684329686883786 0.09871478718099326
0.7090420795801905 0.09871504090171757
0.7519296382708823 0.09871522030935563
0.4129118407275284 0.10409340325307966
0.6302098697037141 0.09871460777335671

Time 75.0
0.7671478175198352 0.09871488629647071
0.8077570588314433 0.09871494178623942
0.8506447097428573 0.09871498102343519
0.5170052439806069 0.10409340325307966
0.7289246263144489 0.09871484705927776

Time 76.0
0.8658627172995162 0.09871490797343528
0.906471987134473 0.09871492010927932
0.9493596582149413 0.09871492869061074
0.6210986472337318 0.10409340325307966
0.8276395059250771 0.09871489939209774

Time 77.0
0.9645776282217854 0.0987149127142652
1.0051869042949102 0.09871491536845692
1.048074579786439 0.09871491724519631
0.7251920504868566 0.10409340325307966
0.92635441243629 0.0987149108375047

Time 78.0
1.0632925415809842 0.09871491375106997
1.1039018190184213 0.09871491433163847
1.1467894954746674 0.0987149147420334
0.8292854537399815 0.10409340325307966
1.0250693248307654 0.09871491334068123

Time 79.0
1.162007455473147 0.09871491397794048
1.2026167332089706 0.09871491410476882
1.2455044098761685 0.09871491419466942
0.9333788569931064 0.10409340325307966
1.123784238511976 0.09871491388804438

Time 80.0
1.2607223694818677 0.09871491402747909
1.3013316472829595 0.09871491405523325
1.344219323996336 0.09871491407485583
1.0374722602461914 0.10409340325307966
1.2224991524745195 0.09871491400785497

Time 81.0
0.009859226862369052 0.07432369974092375
0.048288274943861946 0.10648812684871228
0.09102065557463072 0.0984377875074823
1.1415656634992053 0.10409340325307966
1.3244639920202348 0.11561004206830475

Time 82.0
0.10858528662857582 0.09821947054487681
0.1482542915537937 0.09964053922176622
0.1905500866772042 0.1002283289054992
1.2456590667522192 0.10409340325307966
0.07110214070694368 0.0967713174932809

Time 83.0
0.206969906306304 0.09855914902770985
0.2473733719805615 0.09887197216533856
0.29011574026203235 0.09909187850568979
1.349752470005233 0.10409340325307966
0.1688924431830406 0.0983366564666849

Time 84.0
0.3056045312878747 0.09868070812068078
0.3461687971382867 0.09874912384907265
0.38902464626560873 0.09879749718751622
0.10384587325831285 0.10409340325307966
0.2674131432055933 0.09863232700815347

Time 85.0
0.40430186183044214 0.09870743264574426
0.4449012953459256 0.0987223954486497
0.4877820111002039 0.09873297573636651
0.20793927651138505 0.10409340325307966
0.36608560578621596 0.0986968523346626

Time 86.0
0.5030129302158627 0.09871327782791893
0.5436200550452223 0.0987165502548289
0.5865062093776925 0.09871886421005364
0.3120326797644544 0.10409340325307966
0.464791235589433 0.09871096387262164

Time 87.0
0.6017270031961349 0.0987145561947006
0.6423358101476643 0.098715271888012
0.6852231539201225 0.09871577795960004
0.4161260830175238 0.10409340325307966
0.5635041191297053 0.09871405012311045

Time 88.0
0.700441733293951 0.09871483577881345
0.7410509081325604 0.0987149923038989
0.7839385120404676 0.09871510298385061
0.520219486270604 0.10409340325307966
0.6622185890920721 0.09871472509886012

Time 89.0
0.7991566071060932 0.09871489692501326
0.8397658624031294 0.09871493115769774
0.8826535232037341 0.09871495536386325
0.6243128895237289 0.10409340325307966
0.760933406011516 0.09871487271884885

Time 90.0
0.8978715123491545 0.09871491029793678
0.9384807852427802 0.09871491778477225
0.9813684584860551 0.09871492307875916
0.7284062927768538 0.10409340325307966
0.8596482988119071 0.09871490500395493

Time 91.0
0.9965864244662814 0.09871491322265442
1.0371957012083541 0.09871491486006463
1.0800833771728913 0.09871491601787259
0.8324996960299786 0.10409340325307966
0.958363208207776 0.09871491206483143

Time 92.0
1.0953013380868086 0.09871491386223377
1.1359106156705436 0.09871491422048058
1.1787982922302473 0.09871491447358303
0.9365930992831035 0.10409340325307966
1.0570781212331342 0.09871491360912577

Time 93.0
1.194016252036127 0.09871491400220296
1.2346255298039395 0.0987149140805102
1.2775132064937795 0.09871491413592895
1.040686502536185 0.10409340325307966
1.1557930350523151 0.09871491394678092

Time 94.0
1.2929448927043663 0.10022874262267534
1.3343652584376855 0.10209217214229394
0.024958570267865188 0.09343416023643783
1.144779905789199 0.10409340325307966
1.2545389581416646 0.09910458116401598

Time 95.0
0.03975423245684621 0.11922780390240259
0.08002522592745673 0.09874888982538403
0.12315983035205001 0.09815053669556918
1.2488733090422128 0.10409340325307966
0.00872804698064465 0.07873242574206732

Time 96.0
0.1404428810224641 0.0983107385532823
0.18047709610055637 0.09918463136861276
0.22296940771776463 0.0997373024205915
0.002966712295228446 0.10409340325307966
0.10263760704163682 0.09762698382293655

Time 97.0
0.2389387773116159 0.09861942911663807
0.27942228292507626 0.09881059598243658
0.32222105920575117 0.09894557435509013
0.10706011554830867 0.10409340325307966
0.20080452860539919 0.09848405671125837

Time 98.0
0.33760457561708157 0.09869400984502379
0.37818634653453265 0.09873581882991232
0.4210545730459616 0.09876538165442032
0.21115351880138045 0.10409340325307966
0.29940080901569094 0.09866444583606664

Time 99.0
0.4363087441949723 0.09871034214324612
0.47691200614105406 0.09871948594124218
0.5197954290028627 0.09872595158104272
0.3152469220544498 0.10409340325307966
0.39808978103980314 0.09870387649989214

Time 100.0
0.5350213081480344 0.09871391414812802
0.575629270271007 0.09871591393458587
0.618516016659462 0.098717327997154
0.4193403253075192 0.10409340325307966
0.49679902146560745 0.09871250008555532

Time 101.0
0.6337357082153223 0.09871469536056254
0.6743446982864298 0.09871513272214721
0.7172321715439842 0.09871544198347564
0.5234337285606011 0.10409340325307966
0.5955126946637954 0.09871438609923772

Time 102.0
0.7324505098484229 0.09871486621495941
0.7730597247360412 0.09871496186775004
0.8159473569628736 0.09871502950448383
0.627527131813726 0.10409340325307966
0.6942273373276177 0.09871479857822987

Time 103.0
0.8311653993056274 0.09871490358152739
0.8717746633615479 0.09871492450118406
0.9146623303556196 0.0987149392936207
0.7316205350668509 0.10409340325307966
0.7929421920175832 0.0987148887890909

Time 104.0
0.9298803079703276 0.09871491175374532
0.9704895827795585 0.09871491632896749
1.0133772573773707 0.0987149195641295
0.8357139383199758 0.10409340325307966
0.8916570930785448 0.09871490851858081

Time 105.0
1.0285952208357696 0.09871491354114115
1.069204497996825 0.09871491454156921
1.1120921742575924 0.09871491524923773
0.9398073415731006 0.10409340325307966
0.9903720042810278 0.09871491283347497

Time 106.0
1.1273101346199774 0.09871491393187233
1.1679194122953294 0.09871491415083594
1.2108070889198015 0.09871491430552522
1.0439007448261788 0.10409340325307966
1.089086917701532 0.09871491377718956

Time 107.0
1.2266461911231135 0.09974135918103523
1.2668761245572877 0.09929660437607035
1.30962214545237 0.09905438166243712
1.1456182064213722 0.10060654289614382
1.1892146902271707 0.10025417130281622

Time 108.0
1.3285618235551462 0.10857862198814829
0.015175158337883896 0.08507556784798198
0.05743965932915572 0.1013815442408668
1.2460060120849925 0.10082155244091623
1.2897477638926422 0.1030957729005894

Time 109.0
0.07582320737569 0.09900239256080276
0.11455449200343294 0.10145224774165164
0.15658008462266132 0.10081573067543591
1.349421626570682 0.10409340325307945
0.03950406604584299 0.09358928518753284

Time 110.0
0.1759821754100054 0.09987761141663798
0.21520760791046037 0.10034261114291994
0.25735676320856876 0.10057514347360394
0.09668527356663538 0.0988652562863718
0.13960471594114135 0.09929243709896905

Time 111.0
0.2757951689364875 0.09979255555769398
0.31534138050130517 0.09998958846542279
0.3576739744158195 0.10011002004306092
0.1959130676218973 0.09946805879364717
0.2390660039798015 0.09959283655867787

Time 112.0
0.3755862807519722 0.09979065529526183
0.41525871427894856 0.09986523254793177
0.4576689724076278 0.09991129382869832
0.2954984844908624 0.09966985969732556
0.3387302029444027 0.09971601804928527

Time 113.0
0.4753769038015458 0.0997906128532862
0.5150969302350922 0.0998186711372538
0.5575365946822868 0.09983601144043135
0.39521206791683994 0.0997452107581424
0.438473217656547 0.09976255322938904

Time 114.0
0.5751675159346278 0.09979061190538252
0.6149054442585751 0.09980116454981722
0.6573561725101758 0.09980768642781154
0.4949737134528352 0.09977353730454205
0.5382459275545921 0.09978005923094943

Time 115.0
0.6749581278239047 0.09979061188418048
0.7147027889099976 0.09979458062129949
0.7571576782335953 0.09979703343538755
0.5947534314878028 0.09978419033123243
0.638029806674016 0.0997866431464028

Time 116.0
0.7747487397077177 0.09979061188374767
0.8144959329118879 0.09979210448155128
0.8569523871704325 0.09979302695775968
0.6945399463181633 0.09978819680961223
0.7378178864395958 0.0997891192858319

Time 117.0
0.8745393515914166 0.09979061188372418
0.9142874970969624 0.09979117323309404
0.9567445399101228 0.09979152016610081
0.7943290173458556 0.09978970360128685
0.8376075460219099 0.09979005053429703

Time 118.0
0.9743299634751155 0.09979061188371215
1.0140784671305796 0.09979082300094128
1.056535731292564 0.09979095347857474
0.8941190497308065 0.0997902702888146
0.9373977997556856 0.09979040076646005

Time 119.0
1.0741205753588203 0.09979061188369769
1.1138692137104698 0.09979069128254318
1.1563265611192763 0.0997907403537212
0.9939094436714953 0.09979048341367917
1.0371882769432006 0.09979053248486147

Time 120.0
1.1739111872425214 0.09979061188369802
1.2136598762519037 0.09979064174472237
1.2561172549689106 0.09979066019984269
1.0936999735892634 0.09979056356755883
1.1369788381691697 0.09979058202268087

Time 121.0
1.2737069266155847 0.10008135203517732
1.3136760125254967 0.10533115049025267
0.005677216282956268 0.09395485303511515
1.193490554880911 0.09979062448580338
1.2367694793353263 0.09979507937215419

Time 122.0
0.020586042061371768 0.0813810144547124
0.06147218284104231 0.09707316416532397
0.10360876944548487 0.10074870733143966
1.294674761357009 0.10409324216571395
1.3419314933538702 0.11565693130131273

Time 123.0
0.12310782464250573 0.10043787302875742
0.16202513906482258 0.10079146997040415
0.20404619383634096 0.100886924843275
0.04480265444045974 0.09758825278509879
0.08724449649314171 0.09924853879096736

Time 124.0
0.22306967709922507 0.0998056551540157
0.2624554558212083 0.10015280493134149
0.30469126362059595 0.10035708000510823
0.14345726367356276 0.09919980312521719
0.18650570768118138 0.09943771620282026

Time 125.0
0.3228641582670124 0.09979094787318211
0.3624754099392156 0.0999252042393943
0.4048479087848934 0.10000794710950166
0.24287558163479853 0.09957273301549513
0.2860693686883579 0.09965622718092958

Time 126.0
0.42265485657046187 0.09979061938795884
0.4623518543753533 0.09984119384357007
0.5047772875352438 0.09987244539080306
0.3425272868217581 0.0997087662344563
0.385774201429964 0.09974003456171454

Time 127.0
0.5224454703843286 0.09979061205131061
0.5621747374778037 0.0998096343739775
0.6046201128211203 0.09982139070011853
0.44226568218020657 0.09975983279608944
0.48553254328782364 0.09977158949700667

Time 128.0
0.6222360823111417 0.09979061188743697
0.6619774859957294 0.09979776601167865
0.7044303621350726 0.09980218750103528
0.5420366565638991 0.0997790362603147
0.5853110185639421 0.09978345775803713

Time 129.0
0.7220266941958038 0.0997906118837894
0.7617726623274046 0.09979330247098575
0.8042283594494779 0.0997949653452624
0.6418198830153414 0.09978625842200238
0.6850970660002645 0.09978792129646269

Time 130.0
0.821817306079512 0.09979061188373221
0.8615649908489349 0.09979162378353515
0.9040217489115131 0.09979224917202627
0.7416077173206603 0.09978897459535804
0.7848859612461313 0.09978959998385102

Time 131.0
0.9216079179632108 0.09979061188371485
0.9613562483409617 0.09979099244793459
1.0038134054114298 0.09979122764956577
0.8413972845881305 0.0997899961178277
0.8846759275214955 0.09979023131946

Time 132.0
1.0213985298469128 0.09979061188369716
1.0611471030307487 0.09979075500966358
1.1036044101636309 0.09979084346637151
0.9411875036033253 0.0997903803010272
0.9844662965991056 0.0997904687577432

Time 133.0
1.1211891417306117 0.09979061188369853
1.1609378062311086 0.09979066571177836
1.2033951698007883 0.09979069897936031
1.0409779677335664 0.09979052478804135
1.0842568171661457 0.09979055805562421

Time 134.0
1.2209797536143119 0.09979061188369874
1.2607284524579856 0.09979063212784268
1.303185837252917 0.09979064463940365
1.140768524048839 0.09979057912799691
1.1840473947066696 0.09979059163956079

Time 135.0
1.3224531478560777 0.10989486280760458
0.010251475623673314 0.08152391034498484
0.051205045095510604 0.10498015551983836
1.2406196980507165 0.10027773154889996
1.2841336548732478 0.10227639919717509

Time 136.0
0.07017767574303937 0.09962321606989089
0.10868386265113976 0.10203050784843397
0.15070436807820847 0.10078858176569638
1.3437734862801651 0.10409340325307945
0.03427668816517411 0.09241735048140205

Time 137.0
0.17032219953654393 0.09990228596467837
0.20947795984976653 0.10042148269499003
0.25158814223128895 0.10067369450498972
0.09115745294279068 0.09872671865174366
0.1340233857758364 0.09922887760210092

Time 138.0
0.27014154464579376 0.09979310728131881
0.30965989750613054 0.10001709946891474
0.35197537396927614 0.10015381255382005
0.19030494464678557 0.09942337357519151
0.23344043898674444 0.09956566653925765

Time 139.0
0.3699327983699482 0.09979066761789425
0.40959471904829864 0.09987551898308186
0.451998482119276 0.09992792150014974
0.28986202174450004 0.09965321208743166
0.33308723789121086 0.09970573922994527

Time 140.0
0.46972342458902255 0.09979061312851306
0.5094394964650735 0.09982253840370157
0.5518767169113569 0.09984226844872124
0.3895649875246969 0.09973895330453077
0.4328236931015846 0.09975868613303614

Time 141.0
0.5695140367928943 0.09979061191152852
0.6092504778342022 0.09980261895548327
0.6517002868956968 0.09981003969757021
0.48932264078969895 0.09977118402484404
0.5325939356977365 0.09977860482907663

Time 142.0
0.669304648683753 0.09979061188431877
0.7090487504190477 0.09979512760636569
0.7515032940448648 0.09979791847564043
0.5891008573963609 0.09978330529075631
0.6323768868847123 0.09978609616142158

Time 143.0
0.7690952605676021 0.09979061188374927
0.8088422434061708 0.0997923101965177
0.8512985676516229 0.09979335981156101
0.6888868075567428 0.09978786395580959
0.7321646176650826 0.0997889135708653

Time 144.0
0.868885872451301 0.09979061188372383
0.9086339388406903 0.09979125060020058
0.9510909327573797 0.09979164534869903
0.7886756662183668 0.09978957841868978
0.8319541459979506 0.0997899731671896

Time 145.0
0.9686764843349999 0.09979061188371681
1.008424958235762 0.09979085209784394
1.050882204008329 0.09979100055835245
0.8884656187348104 0.09979022320904203
0.9317443503702739 0.09979037166954748

Time 146.0
1.0684670962187064 0.09979061188369871
1.1082157233799412 0.09979070222556419
1.150673063872691 0.09979075805990419
0.9882559826378474 0.09979046570750148
1.0315348089934984 0.09979052154183427

Time 147.0
1.1682577081024068 0.09979061188369914
1.208006392903198 0.09979064586026938
1.250463769019154 0.09979066685893945
1.0880465012587872 0.0997905569084622
1.131325363237643 0.09979057790713262

Time 148.0
1.2680483199861075 0.09979061188369949
1.307797026464495 0.0998753783450589
2.5441597793881984E-4 0.09970587887612528
1.187837078067404 0.09979059120812814
1.2311159534437477 0.099790599105491

Time 149.0
0.016064500395091236 0.07831633869502648
0.05589687528323922 0.1000252687989976
0.09789479023156976 0.10086239286935335
1.288776064546361 0.10409146961928605
1.335373622901929 0.1156575894358393

Time 150.0
0.11741370087920754 0.10057155818603707
0.15631387246581838 0.10081448493365326
0.19832986572523656 0.10089945335074292
0.03928277608227244 0.0972939353310103
0.08161869762414813 0.0993736276170592

Time 151.0
0.21741524035731638 0.09980929499951499
0.2567807218763633 0.10017439764719159
0.2990046383489351 0.10038732328965817
0.13783848010694902 0.09916367031926662
0.18087289150562283 0.09941837316287137

Time 152.0
0.3172106577389594 0.09979102916965576
0.356814040331053 0.09993293892026234
0.3991816905938817 0.1000203556885265
0.23723487615198094 0.09956019289601419
0.2804237667978137 0.09964854274404397

Time 153.0
0.4170013769526479 0.09979062120369817
0.45669541005587116 0.0998440938872406
0.4991190112594428 0.09987713538320173
0.33687860559024885 0.09970407330412824
0.3801236871739766 0.09973713564023394

Time 154.0
0.5167919912335407 0.09979061209186563
0.5565201432190379 0.09981072484954887
0.5989648293950955 0.09982315507356944
0.4366140073432571 0.09975806835702015
0.47988017925975834 0.09977049904649866

Time 155.0
0.6165826031707847 0.09979061188833996
0.6563235874730983 0.099798176122944
0.6987762044201087 0.09980285107380095
0.5363838559990122 0.0997783726860791
0.5796579588061878 0.09978304764733867

Time 156.0
0.7163732150556785 0.0997906118838103
0.756119025462228 0.09979345670915464
0.7985746251048627 0.09979521490783615
0.6361666590797257 0.09978600885939845
0.6794437445851991 0.09978776705830311

Time 157.0
0.8161638269393923 0.09979061188373696
0.8559114523901832 0.09979168179078389
0.89836817379183 0.09979234302973126
0.7359543341601077 0.09978888073764842
0.7792325414246454 0.09978954197660214

Time 158.0
0.9159544388230911 0.09979061188371874
0.9557027468917666 0.09979101426381874
0.9981598901744692 0.09979126294839671
0.8357438415448548 0.099789960818994
0.8790224706904527 0.09979020950357463

Time 159.0
1.0157450507067922 0.09979061188369771
1.0554936155004337 0.09979076321437784
1.0979509174478914 0.09979085674186679
0.9355340380388278 0.09979036702552593
0.9788128258491815 0.09979046055303452

Time 160.0
1.1155356625904962 0.09979061188369825
1.1552843239355317 0.09979066879747768
1.1977416855550307 0.09979070397212883
1.0353244936990895 0.09979051979527298
1.0786033411814884 0.09979055496992507

Time 161.0
1.215326274474196 0.09979061188369982
1.2550749721311363 0.09979063328833883
1.2975323561926257 0.09979064651712945
1.135115046828895 0.09979057725027271
1.1783939167532844 0.09979059047906189

Time 162.0
1.3162007642692708 0.11055387977885722
0.005719987935688223 0.07936275087515599
0.04516191532374077 0.10770275374715496
1.2349443460350218 0.10010296930952123
1.2783686122349167 0.1012307057078134

Time 163.0
0.06450692340856798 0.10070657353954678
0.10289319742490896 0.10255357261729654
0.14500425750182402 0.10051322960461162
1.3378755040095989 0.1040934032530774
0.02906880287223359 0.09108628040397033

Time 164.0
0.16466153505186987 0.09992955561969818
0.20378830252464977 0.10046115073307435
0.24588490946603198 0.10070716264918804
0.08556536364926086 0.09864899467184401
0.12840163394381623 0.09920619574469823

Time 165.0
0.26448790492171376 0.09979371766785959
0.3039934927700585 0.10002987880320778
0.3463011907935235 0.10017369248003874
0.18467242937262546 0.0994025060225465
0.22779978619621238 0.09955326444485012

Time 166.0
0.36427931564321836 0.09979068125075466
0.4039363962583937 0.09988025868110488
0.44633717048405186 0.09993557264745759
0.2842163809027414 0.09964553888169322
0.32743860018422905 0.09970100795749237

Time 167.0
0.4640699453687963 0.09979061343299883
0.5037841960743894 0.09982431946102038
0.5462202910307832 0.09984514986141702
0.38391445525464546 0.09973607139916206
0.4271720351625198 0.0997569052639044

Time 168.0
0.5638605576509876 0.09979061191832152
0.6035963137508294 0.09980328875798289
0.6460456994964546 0.09981112345186828
0.48367026991159817 0.09977010025954007
0.5269411414997651 0.09977793503079004

Time 169.0
0.6636511695435936 0.09979061188447057
0.703395013679611 0.09979537951086294
0.7458493981003461 0.09979832606548496
0.5834477950607059 0.09978289770066738
0.6267236653438866 0.09978584425701693

Time 170.0
0.763441781427483 0.09979061188375203
0.8031886673858271 0.0997924049349752
0.8456449317560095 0.09979351310159502
0.6832334851721217 0.09978771066576822
0.7265112354051891 0.09978881883241247

Time 171.0
0.8632323933111818 0.09979061188372644
0.9029804232650009 0.09979128623027311
0.945437394663269 0.09979170299937133
0.7830222460322416 0.09978952076801388
0.8263007032934028 0.09978993753711804

Time 172.0
0.9630230051948807 0.09979061188371367
1.0027714653926307 0.09979086549791982
1.0452287026962712 0.0997910222401259
0.882812161766629 0.09979020152726732
0.9260908849331658 0.09979035826947612

Time 173.0
1.0628136170785845 0.09979061188370014
1.1025622390862728 0.09979070726518185
1.1450195763939552 0.09979076621417303
0.9826025118363437 0.09979045755322825
1.0258813350069256 0.09979051650221943

Time 174.0
1.1626042289622855 0.09979061188370011
1.2023529118248875 0.09979064775560702
1.244810286742974 0.09979066992567141
1.0823930252547265 0.09979055384173029
1.1256718860357127 0.09979057601179389

Time 175.0
1.2623948408459857 0.09979061188369984
1.3021435465954396 0.09979062537472211
1.3446009356583797 0.09979063371264203
1.1821836001067216 0.09979059005476075
1.2254624750325616 0.09979059839267798

Time 176.0
0.01172434900009459 0.07412224640034584
0.05010602029871784 0.10486426049935103
0.09219624815778027 0.10023024884525591
1.2828813397238366 0.10407116207738022
1.3288305004771632 0.11566514159616977

Time 177.0
0.11171315873014165 0.10070790403001441
0.15060123405458214 0.10081985662728742
0.19261103896066914 0.10091629067159426
0.0337810141840539 0.09692252045712076
0.07598507114664096 0.09958648763248594

Time 178.0
0.2117606079983497 0.0998136783512724
0.251104531430644 0.10019757059607098
0.2933159078606871 0.10041918756824157
0.13222211828218197 0.09912471336660049
0.17524141092272827 0.09939790953631737

Time 179.0
0.31155715284173613 0.0997911270735309
0.3511521435573413 0.09994119291968102
0.39351462514903035 0.10003358281444234
0.23159502499246473 0.09954680735830237
0.2747786893725222 0.09964034925254618

Time 180.0
0.41134789723725007 0.09979062339036107
0.451038767952697 0.09984718742725138
0.49346041509064503 0.09988213797371105
0.33123024440963206 0.09969906717552439
0.37447337064137215 0.09973404345165492

